308.278934616457	4986.2333984375
310.287567911319	4988.86669921875
312.295485192019	4985.2998046875
314.302686791388	4976.56689453125
316.309173042053	4974.13330078125
318.314944276434	4969.56689453125
320.320000826752	4976.533203125
322.324343025019	4967.56689453125
324.327971203043	4973.5
326.330885692429	4975.36669921875
328.333086824585	4972.56689453125
330.334574930703	4966.2001953125
332.33535034178	4971.39990234375
334.335413388609	4962.86669921875
336.334764401778	4964.83349609375
338.333403711675	4963.2333984375
340.331331648479	4960.93310546875
342.328548542175	4956.16650390625
344.325054722542	4956.13330078125
346.320850519152	4966.5
348.31593626138	4959.7998046875
350.310312278402	4962.466796875
352.303978899183	4957.033203125
354.296936452494	4958.10009765625
356.289185266904	4968.033203125
358.280725670776	4953.466796875
360.271557992276	4955
362.261682559368	4942.466796875
364.251099699814	4954.033203125
366.239809741177	4944.2998046875
368.227813010818	4955.2998046875
370.215109835898	4949.89990234375
372.20170054338	4943.13330078125
374.187585460023	4946.2666015625
376.172764912388	4941.63330078125
378.157239226838	4954.93310546875
380.141008729534	4952.13330078125
382.124073746437	4942.7998046875
384.106434603313	4950.2666015625
386.08809162572	4936.966796875
388.069045139029	4937.63330078125
390.049295468404	4938.43310546875
392.028842938811	4927.7666015625
394.007687875019	4939.466796875
395.985830601599	4951.16650390625
397.963271442925	4945.60009765625
399.940010723167	4937.7333984375
401.916048766305	4930.33349609375
403.891385896117	4942.5
405.86602243618	4939.93310546875
407.839958709881	4937.2666015625
409.813195040404	4933.16650390625
411.785731750741	4948.83349609375
413.75756916368	4937.33349609375
415.728707601818	4935.39990234375
417.699147387554	4939.7333984375
419.668888843089	4934.2001953125
421.637932290426	4941.89990234375
423.606278051377	4920.06689453125
425.573926447555	4932.7666015625
427.540877800378	4928.10009765625
429.507132431065	4944.93310546875
431.472690660642	4939.66650390625
433.43755280994	4930.63330078125
435.401719199592	4928.7001953125
437.365190150041	4917.83349609375
439.327965981529	4933.60009765625
441.290047014106	4933.36669921875
443.251433567628	4922.7666015625
445.212125961753	4928.89990234375
447.17212451595	4935.10009765625
449.131429549489	4923.86669921875
451.090041381447	4927.43310546875
453.047960330709	4921.13330078125
455.005186715963	4915.533203125
456.961720855707	4922.7666015625
458.917563068241	4924.5
460.872713671676	4923.7001953125
462.827172983928	4921.43310546875
464.780941322717	4920.466796875
466.734019005575	4921.10009765625
468.686406349837	4921.16650390625
470.638103672649	4919.466796875
472.589111290962	4909.2998046875
474.539429521538	4916.83349609375
476.489058680939	4912.83349609375
478.437999085544	4911.93310546875
480.386251051534	4922.2333984375
482.333814894902	4924.43310546875
484.280690931447	4915.56689453125
486.226879476779	4925.5
488.172380846311	4912.63330078125
490.117195355274	4924.033203125
492.061323318697	4925.033203125
494.004765051428	4915.60009765625
495.947520868119	4922
497.88959108323	4923.86669921875
499.830976011039	4921.2001953125
501.771675965622	4926.39990234375
503.711691260873	4912.2998046875
505.651022210494	4915.7333984375
507.589669127994	4920.93310546875
509.527632326698	4913.93310546875
511.464912119737	4916.13330078125
513.401508820053	4910.7333984375
515.337422740403	4915.56689453125
517.272654193348	4906.466796875
519.207203491265	4913.533203125
521.141070946341	4923.43310546875
523.074256870573	4918.5
525.006761575771	4913.2666015625
526.938585373556	4919.7666015625
528.869728575361	4913.06689453125
530.800191492426	4918.2666015625
532.729974435814	4913.63330078125
534.65907771639	4919.466796875
536.587501644836	4906.66650390625
538.515246531646	4911.7333984375
540.442312687125	4919.36669921875
542.368700421391	4914.2998046875
544.294410044379	4923.89990234375
546.219441865828	4922.5
548.143796195301	4907.93310546875
550.067473342166	4911.533203125
551.990473615607	4911.2001953125
553.912797324623	4906.83349609375
555.834444778028	4914.7001953125
557.755416284444	4902
559.675712152314	4910.13330078125
561.595332689888	4906.7666015625
563.514278205237	4910.533203125
565.432549006241	4919.5
567.3501454006	4915.7666015625
569.267067695823	4913
571.183316199238	4905.89990234375
573.098891217987	4907.66650390625
575.013793059025	4901.56689453125
576.928022029125	4909.43310546875
578.841578434876	4904.966796875
580.754462582678	4909.16650390625
582.666674778751	4900.7001953125
584.57821532913	4903.7998046875
586.489084539665	4902.83349609375
588.399282716023	4904.466796875
590.308810163687	4900.06689453125
592.217667187953	4899.7333984375
594.125854093942	4897.13330078125
596.033371186583	4910.36669921875
597.940218770624	4913.7998046875
599.846397150637	4898.2001953125
601.751906630997	4898.16650390625
603.656747515914	4895.966796875
605.560920109398	4890.533203125
607.464424715289	4889.7998046875
609.367261637237	4900.83349609375
611.269431178713	4900.2333984375
613.170933643011	4892.66650390625
615.07176933323	4890.466796875
616.971938552299	4901.2666015625
618.871441602963	4893.83349609375
620.770278787781	4886.2001953125
622.668450409134	4901.7333984375
624.565956769221	4889.43310546875
626.462798170064	4891.36669921875
628.358974913494	4897.33349609375
630.254487301169	4888.7666015625
632.149335634567	4891.7001953125
634.043520214981	4880.533203125
635.937041343525	4893.83349609375
637.829899321136	4898.7001953125
639.722094448564	4893.86669921875
641.613627026388	4899.533203125
643.504497354998	4893.033203125
645.394705734611	4898.2666015625
647.284252465259	4897
649.173137846801	4884.7333984375
651.061362178911	4890.16650390625
652.948925761086	4889.10009765625
654.835828892642	4898.2998046875
656.722071872721	4889.66650390625
658.607655000282	4900.5
660.492578574105	4894.966796875
662.376842892795	4894.533203125
664.260448254774	4895.7333984375
666.143394958291	4897.60009765625
668.025683301411	4896.533203125
669.907313582025	4895.2666015625
671.788286097848	4893.7666015625
673.668601146411	4892.89990234375
675.548259025072	4896.7666015625
677.427260031012	4893.533203125
679.30560446123	4891.13330078125
681.183292612554	4884.2998046875
683.06032478163	4891.5
684.936701264928	4892.66650390625
686.812422358745	4897.39990234375
688.687488359198	4887.7998046875
690.561899562227	4893.66650390625
692.435656263596	4882.60009765625
694.308758758895	4897.83349609375
696.181207343536	4896.33349609375
698.053002312755	4898.89990234375
699.924143961612	4887.7998046875
701.794632584993	4878.86669921875
703.664468477603	4900.63330078125
705.533651933983	4894.966796875
707.402183248485	4893.89990234375
709.270062715295	4880.39990234375
711.13729062842	4894.60009765625
713.003867281695	4891.2666015625
714.869792968775	4893.7001953125
716.735067983147	4906.60009765625
718.599692618119	4891.16650390625
720.463667166824	4903.66650390625
722.326991922227	4886.033203125
724.189667177109	4895.43310546875
726.051693224085	4893.7333984375
727.913070355594	4892.16650390625
729.7737988639	4894.10009765625
731.633879041095	4896.7666015625
733.493311179095	4893.466796875
735.352095569645	4889.2001953125
737.210232504316	4890.7001953125
739.067722274508	4896.5
740.924565171441	4894.33349609375
742.780761486172	4900.966796875
744.636311509576	4894.7998046875
746.491215532364	4902.2333984375
748.34547384507	4901.5
750.199086738054	4889.56689453125
752.052054501507	4897.86669921875
753.904377425447	4900
755.756055799718	4893.66650390625
757.607089913995	4893.63330078125
759.457480057784	4891.63330078125
761.307226520411	4887.36669921875
763.156329591037	4880.93310546875
765.004789558652	4885.2001953125
766.852606712071	4887.10009765625
768.699781339941	4890.7666015625
770.546313730733	4882.2666015625
772.392204172759	4879.5
774.237452954148	4879.2666015625
776.082060362863	4875.33349609375
777.926026686698	4872.89990234375
779.769352213275	4878.39990234375
781.612037230046	4883.56689453125
783.454082024295	4885.63330078125
785.295486883131	4877.7998046875
787.136252093499	4887.36669921875
788.976377942173	4875.86669921875
790.815864715756	4885.10009765625
792.654712700681	4870.033203125
794.492922183214	4877.2333984375
796.330493449449	4877.83349609375
798.167426785316	4878.2998046875
800.00372247657	4885.5
801.839380808804	4877.43310546875
803.674402067434	4876.7666015625
805.508786537716	4869.43310546875
807.34253450473	4867
809.175646253394	4886.83349609375
811.008122068456	4877.13330078125
812.839962234494	4879.13330078125
814.67116703592	4872.83349609375
816.501736756977	4876.16650390625
818.331671681741	4877.56689453125
820.160972094124	4870.5
821.989638277862	4877.2001953125
823.817670516536	4881.533203125
825.645069093545	4877.2998046875
827.471834292136	4875.7001953125
829.297966395379	4874.63330078125
831.12346568618	4886.10009765625
832.948332447279	4887.39990234375
834.772566961251	4877.13330078125
836.596169510499	4881.36669921875
838.419140377269	4880.86669921875
840.241479843633	4871.89990234375
842.063188191497	4877.60009765625
843.884265702608	4876.66650390625
845.704712658542	4871.2666015625
847.524529340709	4879.33349609375
849.343716030354	4871.533203125
851.162273008561	4887.10009765625
852.980200556242	4879.63330078125
854.797498954147	4869.2998046875
856.614168482862	4870.06689453125
858.430209422811	4885.63330078125
860.245622054243	4881.16650390625
862.060406657251	4875.966796875
863.874563511762	4870.533203125
865.688092897538	4876.966796875
867.500995094177	4880.5
869.31327038111	4872.2998046875
871.124919037608	4876.83349609375
872.935941342778	4884.2998046875
874.746337575558	4885.7001953125
876.556108014728	4886.06689453125
878.365252938904	4871.533203125
880.173772626534	4870.7666015625
881.981667355909	4885.7998046875
883.788937405153	4872.56689453125
885.595583052224	4878.2998046875
887.401604574925	4872.43310546875
889.207002250887	4879.466796875
891.011776357588	4874.89990234375
892.815927172335	4878.56689453125
894.619454972278	4881.60009765625
896.422360034401	4879
898.224642635531	4875.7666015625
900.026303052327	4878.06689453125
901.827341561285	4882.56689453125
903.627758438748	4873.7666015625
905.427553960888	4874.033203125
907.226728403722	4876.36669921875
909.025282043102	4878.63330078125
910.823215154718	4877.966796875
912.6205280141	4867.2001953125
914.417220896619	4874.66650390625
916.213294077483	4874.2666015625
918.008747831736	4878
919.803582434265	4876.533203125
921.597798159799	4878.10009765625
923.391395282901	4875.06689453125
925.184374077973	4886.66650390625
926.976734819262	4880.10009765625
928.768477780852	4874.86669921875
930.559603236666	4874.89990234375
932.350111460469	4883.466796875
934.140002725866	4887.2998046875
935.929277306301	4878.39990234375
937.717935475056	4874.39990234375
939.505977505261	4874.89990234375
941.293403669881	4885.7001953125
943.08021424172	4886.56689453125
944.866409493427	4885.86669921875
946.651989697494	4882.36669921875
948.436955126248	4874.56689453125
950.221306051861	4878.86669921875
952.005042746342	4883.83349609375
953.788165481551	4877.466796875
955.570674529179	4880.13330078125
957.352570160765	4888.7001953125
959.133852647687	4880.5
960.914522261166	4881.36669921875
962.694579272266	4877.2333984375
964.47402395189	4870.533203125
966.252856570788	4890.89990234375
968.031077399549	4883.66650390625
969.808686708604	4885.43310546875
971.585684768231	4887.83349609375
973.362071848543	4890.66650390625
975.137848219504	4886.5
976.913014150917	4883.63330078125
978.687569912428	4889.39990234375
980.461515773526	4877.16650390625
982.234852003545	4878.033203125
984.007578871663	4881.06689453125
985.779696646898	4880.89990234375
987.551205598115	4883.10009765625
989.32210599402	4885
991.092398103166	4884.60009765625
992.862082193949	4882.466796875
994.631158534608	4872.13330078125
996.399627393224	4890.33349609375
998.167489037729	4879.2998046875
999.934743735894	4879.16650390625
1001.70139175534	4882.66650390625
1003.46743336352	4894.7333984375
1005.23286882775	4907.63330078125
1006.99769841517	4902.63330078125
1008.76192239279	4894
1010.52554102745	4878.43310546875
1012.28855458583	4883.56689453125
1014.05096333447	4876.966796875
1015.81276753974	4883.86669921875
1017.57396746786	4871.06689453125
1019.33456338492	4870.2001953125
1021.09455555682	4867.7666015625
1022.85394424932	4882.63330078125
1024.61272972803	4873.43310546875
1026.3709122584	4871.89990234375
1028.12849210574	4866.36669921875
1029.88546953519	4868.89990234375
1031.64184481174	4876.10009765625
1033.39761820023	4875.93310546875
1035.15278996534	4869.13330078125
1036.90736037162	4871.966796875
1038.66132968344	4871.06689453125
1040.41469816502	4872.7333984375
1042.16746608044	4874.7666015625
1043.91963369363	4871.2001953125
1045.67120126834	4868.06689453125
1047.4221690682	4878.5
1049.17253735667	4865.60009765625
1050.92230639706	4857.966796875
1052.67147645254	4877.7001953125
1054.4200477861	4866.7333984375
1056.16802066061	4871.13330078125
1057.91539533876	4875.2666015625
1059.66217208311	4877.36669921875
1061.40835115607	4881.033203125
1063.15393281987	4873.7333984375
1064.89891733662	4876.7666015625
1066.64330496825	4871.5
1068.38709597658	4882.60009765625
1070.13029062324	4879.56689453125
1071.87288916973	4880.39990234375
1073.61489187738	4883.63330078125
1075.35629900739	4874.7998046875
1077.09711082079	4873.2998046875
1078.8373275785	4871.2333984375
1080.57694954122	4872.533203125
1082.31597696957	4878.16650390625
1084.05441012398	4881.39990234375
1085.79224926474	4885.83349609375
1087.52949465199	4884.966796875
1089.26614654572	4870.966796875
1091.00220520577	4871.56689453125
1092.73767089182	4875.16650390625
1094.47254386343	4871
1096.20682437998	4873.66650390625
1097.94051270072	4876
1099.67360908473	4876.2333984375
1101.40611379097	4879.36669921875
1103.13802707822	4875.36669921875
1104.86934920514	4877.86669921875
1106.60008043022	4876.5
1108.33022101181	4865.60009765625
1110.05977120811	4878.56689453125
1111.78873127718	4875.5
1113.51710147691	4883.033203125
1115.24488206506	4876.2666015625
1116.97207329924	4878.10009765625
1118.69867543692	4873.7001953125
1120.42468873539	4878.466796875
1122.15011345183	4879.63330078125
1123.87494984325	4883.89990234375
1125.59919816651	4874.16650390625
1127.32285867835	4872.7666015625
1129.04593163533	4881.13330078125
1130.76841729389	4883.16650390625
1132.49031591029	4871.33349609375
1134.21162774067	4871.63330078125
1135.93235304103	4865.2333984375
1137.65249206719	4862.466796875
1139.37204507485	4859.2666015625
1141.09101231955	4862.466796875
1142.80939405669	4863.13330078125
1144.52719054154	4863.533203125
1146.24440202918	4856.36669921875
1147.96102877458	4862.63330078125
1149.67707103256	4861.86669921875
1151.39252905779	4873.2001953125
1153.10740310478	4860.89990234375
1154.82169342792	4871.33349609375
1156.53540028142	4860.86669921875
1158.24852391939	4867.10009765625
1159.96106459576	4863.2666015625
1161.67302256431	4861.13330078125
1163.38439807872	4867.43310546875
1165.09519139246	4871.43310546875
1166.80540275892	4864.466796875
1168.5150324313	4874
1170.22408066266	4859.10009765625
1171.93254770594	4866.7998046875
1173.64043381392	4866.10009765625
1175.34773923922	4858.7333984375
1177.05446423435	4864.7001953125
1178.76060905165	4867.86669921875
1180.46617394332	4868.033203125
1182.17115916142	4863.5
1183.87556495787	4866.2998046875
1185.57939158443	4856.89990234375
1187.28263929274	4871.2001953125
1188.98530833428	4850.89990234375
1190.68739896038	4864.7333984375
1192.38891142226	4866.10009765625
1194.08984597095	4852.63330078125
1195.79020285736	4858.966796875
1197.48998233228	4865.5
1199.18918464631	4863.2001953125
1200.88781004994	4865.83349609375
1202.58585879352	4870.466796875
1204.28333112722	4872.36669921875
1205.98022730112	4874.56689453125
1207.67654756511	4871.33349609375
1209.37229216897	4869.033203125
1211.06746136231	4871.2333984375
1212.76205539464	4875.7333984375
1214.45607451528	4885.2001953125
1216.14951897343	4865.33349609375
1217.84238901816	4874.533203125
1219.53468489838	4874.2998046875
1221.22640686285	4876.86669921875
1222.91755516023	4882.7001953125
1224.60813003899	4874.83349609375
1226.29813174748	4882.533203125
1227.98756053392	4882.966796875
1229.67641664637	4893.2333984375
1231.36470033276	4886.93310546875
1233.05241184087	4889.2666015625
1234.73955141834	4887.2333984375
1236.42611931269	4894.66650390625
1238.11211577126	4880.7998046875
1239.79754104129	4898.2998046875
1241.48239536986	4892.533203125
1243.1666790039	4885.7333984375
1244.85039219023	4895.36669921875
1246.53353517549	4890
1248.21610820621	4887.466796875
1249.89811152877	4894.83349609375
1251.57954538942	4893.86669921875
1253.26041003424	4904.16650390625
1254.94070570922	4891.033203125
1256.62043266015	4891.83349609375
1258.29959113274	4905.89990234375
1259.97818137252	4901.89990234375
1261.65620362489	4899.93310546875
1263.33365813513	4893.66650390625
1265.01054514835	4893.83349609375
1266.68686490955	4892.36669921875
1268.36261766357	4893.93310546875
1270.03780365511	4899.10009765625
1271.71242312876	4897.7001953125
1273.38647632894	4891.7333984375
1275.05996349995	4885.60009765625
1276.73288488593	4882.43310546875
1278.40524073092	4883.93310546875
1280.07703127878	4890.033203125
1281.74825677326	4886.43310546875
1283.41891745795	4882.13330078125
1285.08901357633	4887.39990234375
1286.75854537172	4879.10009765625
1288.42751308732	4883.966796875
1290.09591696616	4884.2998046875
1291.76375725117	4877.89990234375
1293.43103418512	4883.36669921875
1295.09774801066	4879.83349609375
1296.76389897028	4879.7333984375
1298.42948730635	4880.2333984375
1300.09451326109	4882.66650390625
1301.75897707661	4888.16650390625
1303.42287899485	4880.93310546875
1305.08621925764	4881.2998046875
1306.74899810665	4882.2666015625
1308.41121578343	4883.16650390625
1310.07287252938	4891.60009765625
1311.73396858578	4885.033203125
1313.39450419377	4882.7333984375
1315.05447959435	4881.7001953125
1316.71389502837	4886
1318.37275073657	4886.60009765625
1320.03104695954	4885.7001953125
1321.68878393773	4933.63330078125
1323.34596191148	4895.33349609375
1325.00258112095	4895.7998046875
1326.6586418062	4888.66650390625
1328.31414420715	4888.2333984375
1329.96908856358	4887.83349609375
1331.62347511513	4890.2998046875
1333.2773041013	4884.2666015625
1334.93057576148	4889.66650390625
1336.5832903349	4887.43310546875
1338.23544806067	4893.13330078125
1339.88704917775	4937.39990234375
1341.53809392499	4891.63330078125
1343.18858254107	4893.89990234375
1344.83851526458	4888.66650390625
1346.48789233395	4886.966796875
1348.13671398746	4892.83349609375
1349.78498046328	4879.7333984375
1351.43269199945	4881.5
1353.07984883386	4874.93310546875
1354.72645120428	4880.966796875
1356.37249934832	4882.16650390625
1358.0179935035	4879.60009765625
1359.66293390716	4875.63330078125
1361.30732079654	4861.86669921875
1362.95115440873	4876.13330078125
1364.59443498069	4885.10009765625
1366.23716274926	4880.86669921875
1367.87933795112	4876.533203125
1369.52096082284	4872.466796875
1371.16203160086	4866.66650390625
1372.80255052146	4871.89990234375
1374.44251782081	4872
1376.08193373494	4879.7001953125
1377.72079849976	4869.13330078125
1379.35911235102	4868.7001953125
1380.99687552437	4867.7998046875
1382.63408825531	4872.033203125
1384.2707507792	4866.2001953125
1385.90686333129	4875.2666015625
1387.54242614668	4875.7001953125
1389.17743946034	4873.033203125
1390.81190350713	4869.7333984375
1392.44581852175	4861.89990234375
1394.07918473878	4873
1395.71200239266	4875.83349609375
1397.34427171773	4870.66650390625
1398.97599294815	4865.7998046875
1400.607166318	4865.83349609375
1402.23779206118	4865.10009765625
1403.8678704115	4871.7333984375
1405.49740160261	4863.5
1407.12638586805	4870.7001953125
1408.75482344122	4866.66650390625
1410.38271455538	4869.66650390625
1412.01005944368	4862.16650390625
1413.63685833912	4858.89990234375
1415.26311147458	4864.93310546875
1416.88881908282	4871.7001953125
1418.51398139645	4858.033203125
1420.13859864795	4866.2001953125
1421.76267106969	4869.5
1423.3861988939	4867.06689453125
1425.00918235266	4865.60009765625
1426.63162167796	4867.93310546875
1428.25351710163	4874.56689453125
1429.87486885539	4859.39990234375
1431.4956771708	4864.10009765625
1433.11594227932	4860.33349609375
1434.73566441229	4882.66650390625
1436.35484380087	4879.2998046875
1437.97348067615	4879.86669921875
1439.59157526906	4881.7998046875
1441.20912781039	4887.06689453125
1442.82613853084	4881.7666015625
1444.44260766094	4885.06689453125
1446.05853543113	4877.06689453125
1447.67392207168	4886.966796875
1449.28876781276	4890.7666015625
1450.90307288441	4893.10009765625
1452.51683751654	4887.33349609375
1454.13006193892	4887.033203125
1455.7427463812	4884.7333984375
1457.3548910729	4875.2998046875
1458.96649624343	4881.60009765625
1460.57756212204	4884.13330078125
1462.18808893788	4884.7998046875
1463.79807691996	4875.7666015625
1465.40752629716	4877.5
1467.01643729824	4872.13330078125
1468.62481015183	4860.63330078125
1470.23264508643	4871.89990234375
1471.83994233041	4851.63330078125
1473.44670211203	4860.43310546875
1475.0529246594	4853.466796875
1476.65861020052	4857.2666015625
1478.26375896326	4850.06689453125
1479.86837117536	4849.10009765625
1481.47244706443	4845.16650390625
1483.07598685796	4866.86669921875
1484.67899078331	4853.533203125
1486.28145906772	4845.39990234375
1487.88339193828	4837
1489.484789622	4846.93310546875
1491.08565234573	4852.7998046875
1492.68598033618	4844.16650390625
1494.28577381998	4841.7333984375
1495.88503302359	4842.63330078125
1497.48375817338	4853.33349609375
1499.08194949556	4844.33349609375
1500.67960721625	4842.33349609375
1502.27673156141	4841.966796875
1503.8733227569	4838.60009765625
1505.46938102845	4832.2998046875
1507.06490660165	4841.63330078125
1508.65989970199	4844.966796875
1510.25436055481	4845.466796875
1511.84828938533	4837.7998046875
1513.44168641866	4834.06689453125
1515.03455187978	4837.66650390625
1516.62688599354	4844.7333984375
1518.21868898466	4838.06689453125
1519.80996107775	4831.39990234375
1521.40070249728	4839.39990234375
1522.99091346762	4849.966796875
1524.58059421298	4851.93310546875
1526.16974495747	4840.033203125
1527.75836592508	4848.5
1529.34645733967	4844.7333984375
1530.93401942496	4832.43310546875
1532.52105240457	4840.7333984375
1534.10755650199	4836.10009765625
1535.69353194056	4848.5
1537.27897894355	4838.39990234375
1538.86389773405	4843.7666015625
1540.44828853507	4842.33349609375
1542.03215156948	4843.2998046875
1543.61548706001	4834.33349609375
1545.19829522929	4843.2666015625
1546.78057629982	4840.06689453125
1548.36233049399	4840.5
1549.94355803403	4835.466796875
1551.52425914209	4839.60009765625
1553.10443404018	4837.2998046875
1554.68408295017	4850.63330078125
1556.26320609383	4844.7998046875
1557.84180369281	4846.466796875
1559.41987596862	4843.7666015625
1560.99742314266	4845.7333984375
1562.57444543621	4836.966796875
1564.15094307042	4850.66650390625
1565.72691626631	4841.66650390625
1567.3023652448	4838.7001953125
1568.87729022667	4842.2333984375
1570.45169143259	4843.5
1572.02556908311	4857.2998046875
1573.59892339863	4845.533203125
1575.17175459948	4833.86669921875
1576.74406290582	4846.033203125
1578.31584853771	4843.36669921875
1579.88711171509	4843.2998046875
1581.45785265778	4840.16650390625
1583.02807158546	4842.2333984375
1584.59776871772	4848.7001953125
1586.16694427401	4840.966796875
1587.73559847366	4845.63330078125
1589.30373153587	4846.2001953125
1590.87134367974	4844.966796875
1592.43843512425	4840.7001953125
1594.00500608823	4844.33349609375
1595.57105679043	4828.60009765625
1597.13658744944	4832.43310546875
1598.70159828376	4843.2333984375
1600.26608951176	4840.60009765625
1601.83006135169	4836.36669921875
1603.39351402166	4830.36669921875
1604.95644773971	4838.10009765625
1606.5188627237	4833.2666015625
1608.08075919142	4837.966796875
1609.6421373605	4841.83349609375
1611.20299744849	4838.466796875
1612.7633396728	4837.2998046875
1614.32316425071	4835.2001953125
1615.8824713994	4838.033203125
1617.44126133591	4835.10009765625
1618.9995342772	4840.2001953125
1620.55729044006	4834.56689453125
1622.1145300412	4841.13330078125
1623.67125329719	4843.93310546875
1625.22746042449	4840.63330078125
1626.78315163945	4826.7001953125
1628.33832715827	4838.966796875
1629.89298719707	4836.89990234375
1631.44713197184	4837.2998046875
1633.00076169842	4842.86669921875
1634.55387659258	4828.16650390625
1636.10647686994	4837.2333984375
1637.65856274602	4833.2001953125
1639.2101344362	4829.5
1640.76119215577	4834.5
1642.31173611987	4841.56689453125
1643.86176654355	4832.033203125
1645.41128364173	4837.7001953125
1646.96028762922	4840.466796875
1648.5087787207	4832.66650390625
1650.05675713074	4824.2333984375
1651.60422307379	4839.2001953125
1653.15117676419	4841.13330078125
1654.69761841615	4839.86669921875
1656.24354824378	4838.33349609375
1657.78896646105	4840.5
1659.33387328184	4851.533203125
1660.8782689199	4849.93310546875
1662.42215358885	4839.63330078125
1663.96552750221	4850.7333984375
1665.50839087338	4845.39990234375
1667.05074391565	4835.89990234375
1668.59258684217	4843.66650390625
1670.13391986601	4842
1671.67474320009	4837.89990234375
1673.21505705722	4837.39990234375
1674.75486165012	4826.93310546875
1676.29415719136	4838.033203125
1677.83294389341	4832.033203125
1679.37122196863	4829.2998046875
1680.90899162926	4833.2001953125
1682.44625308741	4828.2998046875
1683.98300655509	4828.7998046875
1685.51925224419	4822.83349609375
1687.05499036649	4825.86669921875
1688.59022113364	4830.2001953125
1690.12494475719	4822.533203125
1691.65916144857	4817.966796875
1693.19287141908	4823.60009765625
1694.72607487993	4822.7998046875
1696.2587720422	4819.86669921875
1697.79096311686	4819.466796875
1699.32264831476	4819.63330078125
1700.85382784665	4829.2333984375
1702.38450192313	4814.533203125
1703.91467075473	4819.7998046875
1705.44433455183	4816.56689453125
1706.97349352472	4821.13330078125
1708.50214788356	4815.966796875
1710.03029783841	4817.966796875
1711.55794359919	4815.2333984375
1713.08508537574	4816.533203125
1714.61172337776	4810.66650390625
1716.13785781485	4816.533203125
1717.66348889648	4812.7333984375
1719.18861683203	4818.966796875
1720.71324183074	4807.93310546875
1722.23736410176	4819.63330078125
1723.76098385411	4820.7666015625
1725.2841012967	4810.63330078125
1726.80671663834	4815.60009765625
1728.3288300877	4815.13330078125
1729.85044185337	4809.93310546875
1731.37155214379	4819
1732.89216116731	4813.93310546875
1734.41226913218	4817.533203125
1735.93187624649	4806.966796875
1737.45098271827	4827.36669921875
1738.96958875541	4811.7001953125
1740.48769456569	4816.60009765625
1742.00530035677	4816.7333984375
1743.52240633621	4807.033203125
1745.03901271145	4813.33349609375
1746.55511968983	4814.7666015625
1748.07072747857	4809
1749.58583628476	4812.2998046875
1751.10044631541	4805.89990234375
1752.61455777739	4818.13330078125
1754.12817087747	4807.89990234375
1755.64128582232	4800.2666015625
1757.15390281848	4811.10009765625
1758.66602207237	4818.5
1760.17764379033	4805.033203125
1761.68876817856	4810.63330078125
1763.19939544317	4811.43310546875
1764.70952579014	4813.39990234375
1766.21915942534	4801.7001953125
1767.72829655454	4805.93310546875
1769.23693738339	4809.2666015625
1770.74508211744	4807.56689453125
1772.25273096211	4808.06689453125
1773.75988412273	4809.13330078125
1775.2665418045	4818.033203125
1776.77270421253	4807.466796875
1778.27837155179	4808.966796875
1779.78354402716	4809.39990234375
1781.28822184342	4808.7001953125
1782.79240520521	4810.63330078125
1784.29609431708	4800.86669921875
1785.79928938346	4812.5
1787.30199060868	4809.7333984375
1788.80419819694	4808.2666015625
1790.30591235236	4807.533203125
1791.80713327892	4815.7998046875
1793.30786118051	4806.06689453125
1794.8080962609	4804.7998046875
1796.30783872375	4806.7998046875
1797.80708877261	4815.7666015625
1799.30584661093	4807.2998046875
1800.80411244204	4811
1802.30188646918	4811.43310546875
1803.79916889543	4809.033203125
1805.29595992382	4811.89990234375
1806.79225975724	4806.66650390625
1808.28806859847	4804.5
1809.78338665019	4805
1811.27821411498	4809.13330078125
1812.77255119527	4793.83349609375
1814.26639809344	4806.39990234375
1815.7597550117	4803.2666015625
1817.25262215221	4804.39990234375
1818.74499971698	4802.16650390625
1820.23688790791	4821.7666015625
1821.72828692683	4802.39990234375
1823.21919697542	4812.33349609375
1824.70961825528	4807.43310546875
1826.19955096788	4809.533203125
1827.68899531459	4804.06689453125
1829.17795149668	4803.10009765625
1830.6664197153	4806.2666015625
1832.1544001715	4814.63330078125
1833.64189306621	4800.033203125
1835.12889860028	4817.83349609375
1836.61541697441	4811.2998046875
1838.10144838922	4812.56689453125
1839.58699304523	4810.33349609375
1841.07205114283	4812.2001953125
1842.55662288231	4808.966796875
1844.04070846385	4807.33349609375
1845.52430808754	4814.16650390625
1847.00742195334	4812.2998046875
1848.49005026111	4817.7998046875
1849.97219321061	4811.86669921875
1851.45385100149	4813.06689453125
1852.93502383328	4812.2001953125
1854.41571190541	4812.7333984375
1855.89591541723	4806.7001953125
1857.37563456793	4818.533203125
1858.85486955664	4809.56689453125
1860.33362058237	4809.7333984375
1861.811887844	4800.63330078125
1863.28967154034	4813.5
1864.76697187007	4813.36669921875
1866.24378903176	4808.7001953125
1867.7201232239	4809.7333984375
1869.19597464484	4804.43310546875
1870.67134349286	4803.7001953125
1872.14622996609	4813.2666015625
1873.6206342626	4809.93310546875
1875.09455658032	4813.83349609375
1876.56799711708	4806.2998046875
1878.04095607063	4809.36669921875
1879.51343363858	4811
1880.98543001845	4819.43310546875
1882.45694540766	4813.60009765625
1883.92798000351	4812.7998046875
1885.3985340032	4809.5
1886.86860760384	4809.39990234375
1888.3382010024	4809.36669921875
1889.80731439579	4821.43310546875
1891.27594798077	4825.2998046875
1892.74410195403	4819.13330078125
1894.21177651212	4807.5
1895.67897185153	4823.36669921875
1897.14568816861	4811.86669921875
1898.61192565961	4820.66650390625
1900.07768452068	4821.56689453125
1901.54296494788	4814.7998046875
1903.00776713713	4818.2666015625
1904.47209128429	4812.86669921875
1905.93593758507	4803.16650390625
1907.39930623511	4825.2998046875
1908.86219742994	4808.89990234375
1910.32461136496	4824.7998046875
1911.78654823549	4819.56689453125
1913.24800823675	4814.2333984375
1914.70899156384	4813.86669921875
1916.16949841176	4822.63330078125
1917.62952897541	4821.83349609375
1919.08908344959	4822.7001953125
1920.54816202898	4824.466796875
1922.00676490818	4818.93310546875
1923.46489228166	4821.2333984375
1924.9225443438	4822.63330078125
1926.37972128889	4817.60009765625
1927.83642331108	4821.39990234375
1929.29265060446	4829.5
1930.74840336299	4819.43310546875
1932.20368178053	4815.7666015625
1933.65848605084	4823.63330078125
1935.11281636757	4816.43310546875
1936.56667292428	4825.86669921875
1938.02005591442	4830.7001953125
1939.47296553133	4830.533203125
1940.92540196827	4826.43310546875
1942.37736541837	4823.13330078125
1943.82885607466	4818.13330078125
1945.2798741301	4820.033203125
1946.7304197775	4817.93310546875
1948.1804932096	4819.06689453125
1949.63009461904	4820.33349609375
1951.07922419833	4826.2333984375
1952.52788213989	4827.86669921875
1953.97606863606	4816.33349609375
1955.42378387906	4821.7001953125
1956.87102806099	4821.7333984375
1958.31780137387	4819.2001953125
1959.76410400963	4814.2666015625
1961.20993616006	4822.93310546875
1962.65529801688	4827.16650390625
1964.1001897717	4822.06689453125
1965.54461161602	4829.33349609375
1966.98856374125	4821.10009765625
1968.4320463387	4828.83349609375
1969.87505959955	4814.13330078125
1971.31760371492	4815.7998046875
1972.75967887581	4813.2998046875
1974.20128527311	4823.43310546875
1975.64242309761	4823.06689453125
1977.08309254001	4814.13330078125
1978.52329379092	4829.7333984375
1979.96302704082	4824.66650390625
1981.4022924801	4829.63330078125
1982.84109029905	4825.7333984375
1984.27942068787	4813.56689453125
1985.71728383665	4819.86669921875
1987.15467993537	4815.533203125
1988.59160917393	4821.2333984375
1990.02807174211	4832.39990234375
1991.4640678296	4816.966796875
1992.89959762599	4817.533203125
1994.33466132077	4824.66650390625
1995.76925910332	4818.16650390625
1997.20339116293	4822.2333984375
1998.63705768878	4815.7666015625
2000.07025886997	4830.43310546875
2001.50299489548	4828.86669921875
2002.93526595419	4817.2666015625
2004.3670722349	4820.36669921875
2005.79841392628	4818.33349609375
2007.22929121694	4812.2001953125
2008.65970429535	4818.466796875
2010.08965334991	4813.5
2011.51913856889	4823.33349609375
2012.9481601405	4815.2001953125
2014.37671825283	4816.533203125
2015.80481309385	4819.966796875
2017.23244485146	4819.13330078125
2018.65961371347	4815.7333984375
2020.08631986755	4815.16650390625
2021.5125635013	4823.33349609375
2022.93834480222	4827.60009765625
2024.36366395771	4818.06689453125
2025.78852115506	4810.16650390625
2027.21291658146	4816.2666015625
2028.63685042403	4812.966796875
2030.06032286975	4819.43310546875
2031.48333410554	4815.2998046875
2032.9058843182	4812.7333984375
2034.32797369442	4802.33349609375
2035.74960242083	4813.2666015625
2037.17077068392	4809.533203125
2038.59147867012	4814.966796875
2040.01172656573	4799.63330078125
