249.226376465439	5047.2001953125
251.255291434129	5030.89990234375
253.283479928262	5021.39990234375
255.310942287526	5006.2001953125
257.337678851397	5024.7001953125
259.363689959135	4998
261.388975949801	5014.2998046875
263.413537162237	5006.5
265.437373935081	4997.89990234375
267.460486606758	5010.2998046875
269.482875515489	4989.7998046875
271.504540999281	4973.60009765625
273.525483395933	4966
275.545703043038	4971
277.565200277979	4978
279.583975437928	4971.39990234375
281.602028859855	4971.39990234375
283.619360880516	4973.7001953125
285.635971836463	4963.7001953125
287.651862064039	4963.2998046875
289.667031899379	4963
291.681481678411	4969.60009765625
293.695211736857	4959.2998046875
295.70822241023	4958.2998046875
297.720514033835	4967
299.732086942777	4950.60009765625
301.742941471948	4967.89990234375
303.753077956034	4943.39990234375
305.762496729519	4945.7998046875
307.771198126676	4951.7001953125
309.779182481574	4945.89990234375
311.78645012808	4944.39990234375
313.793001399848	4941.7998046875
315.798836630333	4952.10009765625
317.803956152782	4942.10009765625
319.808360300238	4937
321.812049405537	4939.39990234375
323.815023801311	4932.2001953125
325.81728381999	4939.2998046875
327.818829793798	4926.5
329.81966205475	4937.2998046875
331.819780934668	4943.89990234375
333.819186765156	4937.5
335.817879877627	4936.5
337.815860603282	4943.7001953125
339.813129273122	4930.7001953125
341.809686217941	4924
343.805531768335	4925.89990234375
345.800666254697	4929.60009765625
347.795090007211	4922.7998046875
349.788803355862	4921.10009765625
351.781806630436	4919
353.774100160508	4927.60009765625
355.76568427546	4904.2001953125
357.756559304467	4919.7001953125
359.746725576501	4924
361.736183420334	4910.7998046875
363.724933164539	4923.60009765625
365.712975137483	4915.39990234375
367.700309667336	4907.60009765625
369.686937082059	4905
371.672857709422	4909.39990234375
373.658071876989	4914.39990234375
375.642579912125	4914.10009765625
377.626382141992	4923.7998046875
379.609478893552	4922.10009765625
381.591870493569	4918.2001953125
383.573557268604	4901.39990234375
385.554539545027	4908.2001953125
387.534817648991	4906
389.514391906465	4907.7001953125
391.493262643214	4910.89990234375
393.471430184802	4914.39990234375
395.448894856592	4908.7001953125
397.425656983753	4907.7998046875
399.401716891253	4895.10009765625
401.37707490386	4910.60009765625
403.351731346145	4904.10009765625
405.325686542482	4912.5
407.298940817044	4908.2001953125
409.271494493805	4901.10009765625
411.243347896546	4911.60009765625
413.214501348845	4916.7001953125
415.184955174087	4906
417.154709695455	4911.10009765625
419.123765235939	4911.89990234375
421.092122118329	4912
423.05978066522	4900.2001953125
425.026741199009	4907.2001953125
426.993004041892	4896.89990234375
428.958569515879	4913.10009765625
430.923437942771	4901.7001953125
432.887609644186	4912.89990234375
434.851084941535	4909.39990234375
436.813864156036	4900.2001953125
438.775947608716	4911.10009765625
440.7373356204	4899.10009765625
442.698028511724	4896.89990234375
444.658026603119	4900
446.61733021483	4903.10009765625
448.575939666905	4909.5
450.533855279194	4902
452.491077371356	4889.5
454.447606262849	4898.89990234375
456.403442272946	4900.60009765625
458.35858572072	4903.60009765625
460.313036925047	4896.60009765625
462.266796204617	4897.2998046875
464.21986387792	4887.10009765625
466.172240263255	4891.7001953125
468.123925678725	4901.10009765625
470.074920442243	4884.39990234375
472.025224871527	4895.60009765625
473.974839284099	4891.60009765625
475.923763997294	4893.7001953125
477.87199932825	4896.2998046875
479.819545593915	4885.39990234375
481.76640311104	4891.89990234375
483.712572196191	4888.7001953125
485.658053165733	4884.39990234375
487.602846335847	4892.2998046875
489.546952022517	4894.2998046875
491.490370541538	4877.60009765625
493.433102208508	4895.39990234375
495.375147338843	4893.89990234375
497.316506247758	4889.7001953125
499.257179250284	4893.10009765625
501.197166661258	4883.60009765625
503.136468795326	4885
505.075085966943	4908.89990234375
507.013018490373	4892.5
508.950266679693	4897.5
510.886830848786	4886.39990234375
512.822711311345	4888.7998046875
514.757908380876	4886.60009765625
516.692422370691	4886.2998046875
518.626253593917	4880.2998046875
520.559402363487	4882.7998046875
522.49186899215	4883.2998046875
524.423653792456	4894.7998046875
526.354757076776	4873
528.285179157289	4885.7998046875
530.214920345983	4883.2998046875
532.143980954657	4894
534.072361294926	4893.2001953125
536.000061678212	4890.2998046875
537.92708241575	4891.7998046875
539.853423818586	4902.2998046875
541.779086197582	4904.7001953125
543.704069863411	4891.7998046875
545.628375126551	4890.5
547.552002297301	4878
549.474951685771	4879.39990234375
551.39722360188	4894.2001953125
553.318818355364	4875.89990234375
555.23973625577	4884.7001953125
557.159977612459	4876.7998046875
559.079542734605	4885.2001953125
560.998431931192	4894.10009765625
562.916645511026	4886.60009765625
564.834183782717	4874.7001953125
566.751047054698	4878.2001953125
568.667235635207	4879.7998046875
570.582749832304	4884.7001953125
572.497589953858	4880.10009765625
574.411756307556	4882
576.325249200898	4885.7001953125
578.238068941197	4871.60009765625
580.150215835582	4870.7998046875
582.061690191	4872
583.97249231421	4862.89990234375
585.882622511787	4881.39990234375
587.79208109012	4871.2998046875
589.700868355418	4870.7001953125
591.6089846137	4871.5
593.516430170805	4862
595.423205332386	4873.10009765625
597.329310403915	4869.7998046875
599.234745690673	4855.89990234375
601.139511497768	4862.10009765625
603.043608130115	4868.39990234375
604.94703589245	4867.7001953125
606.849795089326	4872.10009765625
608.751886025115	4861.7001953125
610.653309003999	4866.2001953125
612.554064329986	4860.7998046875
614.454152306895	4861.2998046875
616.353573238364	4866.39990234375
618.252327427851	4860.10009765625
620.150415178629	4867.39990234375
622.047836793792	4863.5
623.944592576246	4883.10009765625
625.840682828724	4872.60009765625
627.736107853771	4869.2001953125
629.630867953751	4856.89990234375
631.524963430848	4857.7998046875
633.418394587069	4862.10009765625
635.311161724229	4872.7998046875
637.203265143972	4839.2001953125
639.094705147759	4856.89990234375
640.985482036865	4871.60009765625
642.875596112393	4867.60009765625
644.765047675256	4868.5
646.653837026198	4869.60009765625
648.54196446577	4865.10009765625
650.429430294357	4865.7998046875
652.316234812151	4860.7001953125
654.20237831917	4851.5
656.087861115257	4853.10009765625
657.972683500069	4855.7998046875
659.856845773083	4862.60009765625
661.740348233603	4861.5
663.623191180748	4856.10009765625
665.505374913464	4853.2998046875
667.386899730511	4851.39990234375
669.267765930476	4868.89990234375
671.147973811765	4856.39990234375
673.027523672606	4869
674.906415811048	4865
676.784650524968	4869.89990234375
678.662228112053	4845.60009765625
680.539148869825	4846.60009765625
682.415413095618	4855.7001953125
684.291021086596	4870.89990234375
686.165973139738	4852.2001953125
688.040269551856	4870.7998046875
689.913910619573	4868.7001953125
691.786896639347	4852.89990234375
693.659227907448	4864.39990234375
695.530904719977	4853.7001953125
697.401927372853	4856.5
699.272296161824	4859.89990234375
701.142011382457	4864.60009765625
703.011073330145	4859.39990234375
704.879482300105	4870.2001953125
706.747238587377	4849.5
708.614342486824	4846.2001953125
710.480794293136	4850.89990234375
712.346594300827	4862.7998046875
714.211742804234	4861.7998046875
716.076240097521	4872.10009765625
717.940086474675	4880
719.803282229506	4865.5
721.665827655654	4873.39990234375
723.527723046582	4877.89990234375
725.388968695576	4869.89990234375
727.24956489575	4876.7998046875
729.109511940044	4855
730.968810121221	4873.2001953125
732.827459731874	4861
734.68546106442	4869
736.542814411101	4860.7998046875
738.399520063986	4874.2001953125
740.255578314969	4864.2998046875
742.110989455775	4862.10009765625
743.965753777951	4861.7998046875
745.819871572874	4867.7998046875
747.673343131745	4848.7998046875
749.526168745595	4869
751.378348705278	4863
753.229883301482	4862.89990234375
755.080772824716	4855.39990234375
756.931017565318	4865.5
758.780617813459	4870
760.62957385913	4855.7998046875
762.477885992152	4852.2001953125
764.325554502181	4871
766.172579678692	4860.60009765625
768.018961810993	4853.60009765625
769.864701188221	4865.7001953125
771.709798099338	4855.89990234375
773.554252833137	4848.5
775.398065678243	4860.10009765625
777.241236923105	4861.10009765625
779.083766856003	4856.7001953125
780.925655765045	4866.7998046875
782.766903938171	4862.89990234375
784.60751166315	4855.39990234375
786.447479227576	4854.39990234375
788.286806918882	4853.7001953125
790.125495024322	4855.89990234375
791.963543830983	4860.10009765625
793.800953625785	4858.89990234375
795.637724695472	4841
797.473857326626	4850.7001953125
799.309351805655	4849.7001953125
801.144208418796	4840
802.97842745212	4844.39990234375
804.81200919153	4862.2001953125
806.644953922757	4851.7998046875
808.477261931365	4856.2998046875
810.308933502746	4854.39990234375
812.139968922127	4867.7001953125
813.970368474566	4863.89990234375
815.800132444953	4866.60009765625
817.629261118008	4862.60009765625
819.457754778284	4862.5
821.285613710164	4871.7998046875
823.112838197864	4865.2001953125
824.93942852544	4858.60009765625
826.765384976767	4856.5
828.590707835561	4869.5
830.415397385372	4869.10009765625
832.239453909575	4868
834.062877691384	4861.2001953125
835.885669013845	4856.39990234375
837.707828159839	4860.2998046875
839.529355412075	4871.5
841.350251053099	4860.5
843.170515365289	4860.2998046875
844.990148630862	4857.5
846.809151131859	4869.60009765625
848.627523150164	4867.7001953125
850.445264967489	4861
852.262376865384	4874.2001953125
854.07885912523	4864.89990234375
855.894712028248	4878.60009765625
857.709935855485	4877.39990234375
859.52453088783	4872.5
861.338497406004	4872.5
863.151835690562	4871.2001953125
864.964546021896	4867.10009765625
866.77662868023	4876
868.588083945628	4875.2001953125
870.398912097985	4862.7001953125
872.209113417035	4866.7001953125
874.018688182344	4869.39990234375
875.827636673318	4874.39990234375
877.635959169195	4875
879.443655949049	4866.5
881.250727291795	4879.89990234375
883.057173476178	4871.2001953125
884.862994780783	4861.10009765625
886.66819148403	4861.39990234375
888.47276386418	4862.5
890.276712199322	4868.7001953125
892.080036767389	4864
893.882737846151	4862.5
895.68481571321	4879.7998046875
897.486270646008	4874.7001953125
899.287102921825	4865.5
901.087312817779	4870
902.886900610824	4866
904.685866577753	4889.60009765625
906.484210995193	4871.5
908.281934139615	4873.7001953125
910.079036287323	4852.60009765625
911.875517714461	4869.5
913.671378697012	4889.10009765625
915.466619510798	4887.60009765625
917.261240431478	4874
919.055241734548	4873.60009765625
920.848623695347	4880.7001953125
922.641386589048	4873.60009765625
924.433530690667	4868.10009765625
926.225056275059	4876.89990234375
928.015963616916	4874.7998046875
929.806252990769	4877.2001953125
931.595924670993	4893.7998046875
933.384978931796	4875.39990234375
935.173416047233	4883
936.96123629119	4884.2998046875
938.748439937402	4889.7001953125
940.535027259439	4891
942.320998530712	4891.7001953125
944.106354024474	4891.7001953125
945.891094013813	4877.10009765625
947.675218771665	4879
949.458728570802	4876.60009765625
951.241623683839	4880.5
953.023904383229	4889.7001953125
954.80557094127	4886.89990234375
956.586623630098	4873.7001953125
958.367062721691	4882.7998046875
960.146888487868	4880
961.926101200294	4893
963.704701130465	4893.7001953125
965.482688549732	4872.10009765625
967.260063729278	4878.10009765625
969.036826940132	4884.7998046875
970.812978453163	4903.2001953125
972.588518539084	4877.10009765625
974.363447468452	4873.2998046875
976.137765511662	4868.2001953125
977.911472938956	4876.10009765625
979.684570020414	4873
981.457057025962	4872.10009765625
983.228934225367	4881.60009765625
985.000201888244	4877.7998046875
986.770860284042	4870.39990234375
988.540909682061	4867.7998046875
990.310350351443	4875.7998046875
992.07918256117	4870.2001953125
993.847406580071	4873.2998046875
995.615022676816	4867.60009765625
997.382031119922	4872.2001953125
999.148432177747	4866
1000.9142261185	4873.2001953125
1002.67941321022	4883.39990234375
1004.4439937208	4897.39990234375
1006.20796791798	4909.2001953125
1007.97133606934	4915
1009.7340984423	4900.2001953125
1011.49625530413	4879.7998046875
1013.25780692196	4881.60009765625
1015.01875356273	4872.60009765625
1016.77909549325	4865.10009765625
1018.53883298018	4867.2001953125
1020.29796629001	4861.2001953125
1022.05649568907	4866.39990234375
1023.81442144356	4855.7001953125
1025.57174381951	4863
1027.32846308279	4866.2998046875
1029.08457949912	4870
1030.84009333409	4855.7998046875
1032.59500485309	4860.60009765625
1034.34931432141	4879.60009765625
1036.10302200413	4874
1037.85612816622	4872
1039.60863307247	4862.2998046875
1041.36053698754	4864.5
1043.11184017592	4871.10009765625
1044.86254290195	4873.2998046875
1046.61264542982	4887.2998046875
1048.36214802356	4868.89990234375
1050.11105094706	4879.5
1051.85935446405	4856
1053.6070588381	4870.5
1055.35416433263	4880.89990234375
1057.10067121093	4868.5
1058.84657973611	4869.2998046875
1060.59189017113	4870.89990234375
1062.33660277883	4864.39990234375
1064.08071782185	4879.60009765625
1065.82423556271	4880.39990234375
1067.56715626378	4870.39990234375
1069.30948018725	4879.10009765625
1071.0512075952	4865.7001953125
1072.79233874952	4865.2998046875
1074.53287391198	4866.39990234375
1076.27281334417	4874.5
1078.01215730754	4874.7001953125
1079.75090606341	4875.10009765625
1081.48905987292	4868.7001953125
1083.22661899707	4877.5
1084.96358369671	4874.39990234375
1086.69995423255	4862.7001953125
1088.43573086513	4869.60009765625
1090.17091385484	4888.2001953125
1091.90550346195	4875.10009765625
1093.63949994655	4873.5
1095.37290356858	4878.60009765625
1097.10571458784	4890.7001953125
1098.837933264	4890.60009765625
1100.56955985654	4884.10009765625
1102.30059462481	4876
1104.03103782803	4874.2001953125
1105.76088972523	4878.60009765625
1107.49015057532	4898.2001953125
1109.21882063706	4860.89990234375
1110.94690016905	4855.7998046875
1112.67438942974	4871.2001953125
1114.40128867745	4867.89990234375
1116.12759817033	4872.89990234375
1117.85331816639	4878.39990234375
1119.5784489235	4861.60009765625
1121.30299069936	4867.10009765625
1123.02694375155	4875
1124.75030833747	4880.7001953125
1126.4730847144	4874
1128.19527313946	4875.2001953125
1129.91687386962	4868.5
1131.63788716172	4888.60009765625
1133.35831327242	4884
1135.07815245826	4870.60009765625
1136.79740497562	4875.60009765625
1138.51607108075	4853.60009765625
1140.23415102972	4863.7998046875
1141.95164507848	4859.89990234375
1143.66855348283	4849
1145.38487649841	4846.39990234375
1147.10061438073	4847.7998046875
1148.81576738515	4846
1150.53033576686	4848.89990234375
1152.24431978094	4842
1153.9577196823	4864.7998046875
1155.67053572572	4864
1157.38276816581	4862.2998046875
1159.09441725705	4864.2001953125
1160.80548325378	4855.10009765625
1162.51596641019	4864.5
1164.22586698031	4860.7001953125
1165.93518521803	4855.2001953125
1167.64392137713	4855.39990234375
1169.35207571118	4864.60009765625
1171.05964847366	4849.7998046875
1172.76663991789	4854
1174.47305029702	4853
1176.17887986409	4869.60009765625
1177.88412887197	4859.7998046875
1179.58879757341	4870.5
1181.29288622099	4855.5
1182.99639506715	4854.5
1184.69932436421	4858.2001953125
1186.40167436431	4860.2998046875
1188.10344531948	4840.10009765625
1189.80463748158	4851.60009765625
1191.50525110234	4862.39990234375
1193.20528643333	4852.7998046875
1194.90474372601	4849.7998046875
1196.60362323166	4851.7001953125
1198.30192520143	4846
1199.99964988633	4857.89990234375
1201.69679753723	4861.10009765625
1203.39336840484	4862.2998046875
1205.08936273975	4869
1206.78478079239	4858.7998046875
1208.47962281306	4864.10009765625
1210.17388905189	4864.5
1211.86757975891	4867.39990234375
1213.56069518396	4873.2998046875
1215.25323557678	4867.89990234375
1216.94520118695	4863.39990234375
1218.63659226389	4863.2998046875
1220.32740905692	4866.39990234375
1222.01765181516	4866
1223.70732078765	4873.2001953125
1225.39641622325	4855.7001953125
1227.08493837068	4865
1228.77288747853	4870.5
1230.46026379525	4879.2998046875
1232.14706756913	4875.39990234375
1233.83329904834	4870.10009765625
1235.51895848091	4875
1237.20404611469	4876.89990234375
1238.88856219745	4880.7001953125
1240.57250697676	4887.89990234375
1242.25588070009	4872.39990234375
1243.93868361476	4889.89990234375
1245.62091596793	4872.7998046875
1247.30257800664	4889.39990234375
1248.98366997779	4888.7998046875
1250.66419212812	4871.7001953125
1252.34414470426	4888.5
1254.02352795267	4885.5
1255.70234211968	4884.2998046875
1257.3805874515	4893.7998046875
1259.05826419417	4886.89990234375
1260.7353725936	4898.2998046875
1262.41191289557	4897.39990234375
1264.08788534572	4888.89990234375
1265.76329018953	4883.89990234375
1267.43812767237	4884.7001953125
1269.11239803945	4890.5
1270.78610153585	4896.2998046875
1272.4592384065	4887.7998046875
1274.1318088962	4882.2001953125
1275.80381324962	4899.10009765625
1277.47525171127	4884.5
1279.14612452554	4889.5
1280.81643193667	4888.7001953125
1282.48617418878	4889.5
1284.15535152582	4873.2001953125
1285.82396419162	4888.60009765625
1287.49201242988	4889.89990234375
1289.15949648415	4888.5
1290.82641659785	4884.89990234375
1292.49277301425	4891
1294.15856597649	4884.10009765625
1295.82379572757	4888
1297.48846251036	4888.7998046875
1299.15256656759	4895.2998046875
1300.81610814185	4902.7001953125
1302.47908747558	4896.60009765625
1304.1415048111	4881.7001953125
1305.8033603906	4902.60009765625
1307.4646544561	4891.5
1309.12538724953	4896.10009765625
1310.78555901264	4889.2001953125
1312.44516998706	4885.89990234375
1314.10422041429	4906.2001953125
1315.7627105357	4887.7998046875
1317.42064059249	4894.7001953125
1319.07801082575	4891.2001953125
1320.73482147645	4888.7998046875
1322.39107278537	4890.5
1324.04676499321	4883.39990234375
1325.70189834051	4896.39990234375
1327.35647306767	4887.2001953125
1329.01048941496	4902.10009765625
1330.66394762251	4895.10009765625
1332.31684793033	4883.7001953125
1333.96919057828	4891.39990234375
1335.62097580608	4892.39990234375
1337.27220385333	4884.7998046875
1338.92287495948	4889
1340.57298936386	4889.7998046875
1342.22254730566	4878.2001953125
1343.87154902393	4883.2998046875
1345.51999475759	4887.2998046875
1347.16788474541	4894.10009765625
1348.81521922606	4890.5
1350.46199843804	4876.5
1352.10822261974	4874.2998046875
1353.7538920094	4874.2998046875
1355.39900684514	4868.7001953125
1357.04356736493	4879.7998046875
1358.68757380661	4872.7998046875
1360.3310264079	4869.10009765625
1361.97392540637	4872.39990234375
1363.61627103946	4875
1365.25806354449	4863.7001953125
1366.89930315864	4859.39990234375
1368.53999011893	4865.7001953125
1370.18012466228	4846.7998046875
1371.81970702547	4867.7001953125
1373.45873744515	4876.89990234375
1375.09721615781	4858.2001953125
1376.73514339984	4863.60009765625
1378.37251940748	4847.2998046875
1380.00934441684	4855.7998046875
1381.6456186639	4845.2001953125
1383.28134238451	4855.39990234375
1384.91651581439	4852.2001953125
1386.5511391891	4863.7998046875
1388.18521274411	4880.10009765625
1389.81873671472	4873.39990234375
1391.45171133613	4855.5
1393.08413684339	4863.60009765625
1394.71601347141	4866
1396.34734145499	4860.89990234375
1397.97812102879	4855.7001953125
1399.60835242732	4867.89990234375
1401.238035885	4856.7001953125
1402.86717163607	4865.2998046875
1404.49575991467	4848.10009765625
1406.12380095481	4868.5
1407.75129499035	4858.2998046875
1409.37824225503	4858.60009765625
1411.00464298245	4864.60009765625
1412.6304974061	4863.7001953125
1414.25580575932	4854.10009765625
1415.88056827533	4854.5
1417.50478518721	4865.39990234375
1419.12845672792	4879.39990234375
1420.75158313027	4870.2998046875
1422.37416462697	4870.5
1423.99620145057	4855.89990234375
1425.61769383351	4853.89990234375
1427.2386420081	4868.39990234375
1428.85904620651	4852.39990234375
1430.47890666077	4859.39990234375
1432.09822360282	4880.60009765625
1433.71699726442	4863.89990234375
1435.33522787723	4872.2001953125
1436.95291567279	4876.5
1438.57006088247	4876.2998046875
1440.18666373757	4893.89990234375
1441.8027244692	4899.39990234375
1443.41824330838	4924.89990234375
1445.03322048599	4905.60009765625
1446.64765623277	4895.7001953125
1448.26155077936	4900.89990234375
1449.87490435623	4915.7001953125
1451.48771719377	4911.7998046875
1453.0999895222	4912.60009765625
1454.71172157163	4908.7001953125
1456.32291357204	4911
1457.93356575328	4905.89990234375
1459.54367834507	4910.2001953125
1461.15325157701	4906.89990234375
1462.76228567856	4900.2001953125
1464.37078087907	4877.2998046875
1465.97873740774	4887.10009765625
1467.58615549365	4895.7001953125
1469.19303536577	4886.60009765625
1470.79937725292	4872.89990234375
1472.40518138379	4878.2001953125
1474.01044798697	4863.7001953125
1475.6151772909	4871.7001953125
1477.21936952389	4859.39990234375
1478.82302491415	4849.7001953125
1480.42614368972	4856.10009765625
1482.02872607856	4853.7001953125
1483.63077230847	4844.2001953125
1485.23228260714	4838
1486.83325720212	4827.7001953125
1488.43369632084	4841.39990234375
1490.03360019061	4836.5
1491.63296903861	4822.89990234375
1493.23180309188	4824.10009765625
1494.83010257736	4834.7998046875
1496.42786772184	4821
1498.02509875199	4832.5
1499.62179589437	4827.39990234375
1501.2179593754	4828
1502.81358942136	4821.89990234375
1504.40868625844	4828.7001953125
1506.00325011266	4817.10009765625
1507.59728120997	4825
1509.19077977614	4817.39990234375
1510.78374603685	4834.60009765625
1512.37618021764	4816.5
1513.96808254392	4821.60009765625
1515.55945324099	4805.5
1517.15029253403	4831
1518.74060064806	4826.89990234375
1520.33037780801	4827.60009765625
1521.91962423868	4818.60009765625
1523.50834016473	4826.39990234375
1525.0965258107	4832.60009765625
1526.68418140102	4819.39990234375
1528.27130715998	4806.2998046875
1529.85790331175	4817.2001953125
1531.44397008039	4823.2998046875
1533.02950768981	4827.7998046875
1534.61451636381	4829.10009765625
1536.19899632606	4816.2001953125
1537.78294780013	4828.7998046875
1539.36637100944	4815.89990234375
1540.94926617728	4826.2998046875
1542.53163352684	4829.2001953125
1544.11347328119	4819.7001953125
1545.69478566324	4827.2001953125
1547.27557089582	4814.7998046875
1548.8558292016	4818.7001953125
1550.43556080316	4815.10009765625
1552.01476592293	4821.7001953125
1553.59344478324	4822.39990234375
1555.17159760626	4821.2001953125
1556.74922461409	4825.7998046875
1558.32632602866	4829.39990234375
1559.90290207181	4823
1561.47895296524	4819.5
1563.05447893053	4816.7998046875
1564.62948018914	4826.2001953125
1566.20395696241	4831.7998046875
1567.77790947155	4821.10009765625
1569.35133793765	4813.89990234375
1570.9242425817	4832.5
1572.49662362452	4822.60009765625
1574.06848128686	4823.10009765625
1575.63981578932	4816.60009765625
1577.21062735238	4824.7001953125
1578.78091619641	4824.60009765625
1580.35068254164	4814.60009765625
1581.91992660819	4828.2998046875
1583.48864861606	4826.2001953125
1585.05684878514	4814.89990234375
1586.62452733516	4827.2998046875
1588.19168448578	4826.89990234375
1589.75832045649	4827.5
1591.3244354667	4832.60009765625
1592.89002973568	4823.89990234375
1594.45510348257	4824.39990234375
1596.01965692641	4834.2001953125
1597.5836902861	4830.39990234375
1599.14720378044	4820.7998046875
1600.7101976281	4831.39990234375
1602.27267204761	4829.10009765625
1603.83462725742	4818.5
1605.39606347583	4836.2001953125
1606.95698092102	4827.7001953125
1608.51737981107	4827
1610.07726036392	4825.7001953125
1611.6366227974	4830
1613.19546732922	4832.2998046875
1614.75379417697	4834.7998046875
1616.31160355811	4836.2001953125
1617.86889569001	4843.7001953125
1619.42567078988	4823.2998046875
1620.98192907484	4835.2001953125
1622.53767076188	4838.5
1624.09289606787	4847.39990234375
1625.64760520957	4841.89990234375
1627.20179840361	4839.39990234375
1628.75547586651	4839.89990234375
1630.30863781466	4841.2998046875
1631.86128446434	4840.89990234375
1633.41341603172	4839.7001953125
1634.96503273283	4845.7001953125
1636.51613478359	4836.7001953125
1638.06672239981	4838.60009765625
1639.61679579718	4833.39990234375
1641.16635519125	4839.7001953125
1642.71540079749	4848.2001953125
1644.26393283122	4838.60009765625
1645.81195150766	4834.10009765625
1647.3594570419	4847.7001953125
1648.90644964891	4857.5
1650.45292954356	4853.60009765625
1651.9988969406	4859
1653.54435205463	4856.60009765625
1655.08929510018	4860
1656.63372629163	4861.39990234375
1658.17764584325	4871.2001953125
1659.7210539692	4863.39990234375
1661.26395088352	4873.7001953125
1662.80633680011	4875.39990234375
1664.34821193281	4879.60009765625
1665.88957649527	4864.89990234375
1667.43043070108	4873.7998046875
1668.97077476369	4862.2998046875
1670.51060889643	4857.2998046875
1672.04993331253	4844
1673.58874822509	4859.89990234375
1675.12705384709	4852.7998046875
1676.6648503914	4859
1678.20213807079	4838.2001953125
1679.73891709788	4859.10009765625
1681.2751876852	4832.10009765625
1682.81095004515	4839.5
1684.34620439002	4840.5
1685.880950932	4846.60009765625
1687.41518988313	4827.39990234375
1688.94892145535	4839.10009765625
1690.4821458605	4834.60009765625
1692.01486331029	4854.39990234375
1693.5470740163	4825.89990234375
1695.07877819003	4846.5
1696.60997604283	4827.7998046875
1698.14066778595	4819.60009765625
1699.67085363054	4833.39990234375
1701.2005337876	4831.7001953125
1702.72970846805	4809
1704.25837788267	4823.2001953125
1705.78654224214	4819.39990234375
1707.31420175701	4829.5
1708.84135663773	4823.2001953125
1710.36800709463	4825.39990234375
1711.89415333794	4815.2001953125
1713.41979557774	4816.39990234375
1714.94493402403	4815.60009765625
1716.46956888667	4817.60009765625
1717.99370037543	4827
1719.51732869996	4819.5
1721.04045406978	4822.2001953125
1722.5630766943	4816.60009765625
1724.08519678284	4825.7001953125
1725.60681454457	4824.2001953125
1727.12793018858	4813.2998046875
1728.64854392383	4817.2001953125
1730.16865595915	4818.10009765625
1731.6882665033	4818.10009765625
1733.20737576488	4814.2001953125
1734.72598395241	4819.2001953125
1736.24409127428	4825.2998046875
1737.76169793876	4810.60009765625
1739.27880415403	4815.2001953125
1740.79541012815	4821.7001953125
1742.31151606905	4808.2998046875
1743.82712218456	4822.2001953125
1745.3422286824	4823.2001953125
1746.85683577018	4814.89990234375
1748.37094365537	4812.2001953125
1749.88455254537	4809.10009765625
1751.39766264743	4815
1752.91027416871	4814.10009765625
1754.42238731626	4809.5
1755.93400229698	4809.10009765625
1757.44511931772	4819.2001953125
1758.95573858516	4819.7998046875
1760.46586030591	4821.10009765625
1761.97548468644	4808.2998046875
1763.48461193311	4818.5
1764.9932422522	4814.39990234375
1766.50137584983	4816.10009765625
1768.00901293205	4802.2001953125
1769.51615370477	4816.7001953125
1771.02279837381	4802.2001953125
1772.52894714487	4809.7998046875
1774.03460022352	4804.2001953125
1775.53975781526	4835.7998046875
1777.04442012543	4795.10009765625
1778.54858735931	4812.10009765625
1780.05225972202	4801.89990234375
1781.5554374186	4821.2998046875
1783.05812065398	4823.89990234375
1784.56030963296	4808.89990234375
1786.06200456023	4822.89990234375
1787.5632056404	4806.39990234375
1789.06391307794	4803.7001953125
1790.56412707721	4820.10009765625
1792.06384784247	4811.7998046875
1793.56307557788	4822.89990234375
1795.06181048745	4813.5
1796.56005277513	4808.2998046875
1798.05780264473	4817.2998046875
1799.55506029996	4824.10009765625
1801.0518259444	4820.39990234375
1802.54809978155	4807.7001953125
1804.04388201478	4814.7998046875
1805.53917284737	4817.60009765625
1807.03397248246	4832.10009765625
1808.5282811231	4821.7998046875
1810.02209897224	4823.2001953125
1811.51542623269	4823.7998046875
1813.00826310719	4822.5
1814.50060979833	4818.5
1815.99246650863	4813.7998046875
1817.48383344046	4819.5
1818.97471079612	4838.5
1820.46509877777	4816
1821.95499758749	4814.10009765625
1823.44440742722	4815.2001953125
1824.93332849881	4818
1826.421761004	4821.89990234375
1827.90970514443	4823.2001953125
1829.3971611216	4821
1830.88412913694	4818.89990234375
1832.37060939175	4807.10009765625
1833.85660208722	4819.89990234375
1835.34210742443	4822.10009765625
1836.82712560438	4825.5
1838.31165682793	4820.10009765625
1839.79570129584	4816.60009765625
1841.27925920877	4823.7998046875
1842.76233076726	4818
1844.24491617176	4817.60009765625
1845.7270156226	4827.2998046875
1847.20862931999	4821.60009765625
1848.68975746406	4823.2001953125
1850.17040025482	4821.39990234375
1851.65055789216	4824.7001953125
1853.13023057588	4812.2001953125
1854.60941850567	4827.60009765625
1856.08812188111	4812.60009765625
1857.56634090166	4829.2998046875
1859.0440757667	4827.7001953125
1860.52132667548	4828.10009765625
1861.99809382715	4813.60009765625
1863.47437742077	4838.39990234375
1864.95017765525	4816.2998046875
1866.42549472944	4832.39990234375
1867.90032884206	4836.2001953125
1869.37468019173	4815.2001953125
1870.84854897696	4811.39990234375
1872.32193539615	4823.10009765625
1873.7948396476	4825.7001953125
1875.26726192951	4838.60009765625
1876.73920243995	4828.2998046875
1878.21066137692	4830.7001953125
1879.68163893828	4823.10009765625
1881.15213532179	4823
1882.62215072513	4821.2001953125
1884.09168534585	4813.5
1885.56073938139	4840.10009765625
1887.02931302911	4827.60009765625
1888.49740648624	4835.5
1889.96501994991	4830.2998046875
1891.43215361715	4823.5
1892.89880768489	4835.7998046875
1894.36498234994	4820.5
1895.83067780901	4830.39990234375
1897.29589425871	4826.89990234375
1898.76063189554	4828.7001953125
1900.22489091589	4823.39990234375
1901.68867151607	4825.7001953125
1903.15197389224	4821.2998046875
1904.6147982405	4821.10009765625
1906.07714475682	4832
1907.53901363708	4834.5
1909.00040507704	4838
1910.46131927236	4825.7998046875
1911.9217564186	4826.60009765625
1913.38171671121	4840.10009765625
1914.84120034556	4828.10009765625
1916.30020751687	4820.10009765625
1917.75873842029	4829.7001953125
1919.21679325086	4826.39990234375
1920.67437220351	4840.7001953125
1922.13147547307	4837.10009765625
1923.58810325427	4834.2001953125
1925.04425574172	4831.7998046875
1926.49993312994	4814.89990234375
1927.95513561335	4814.39990234375
1929.40986338625	4830.5
1930.86411664285	4834.60009765625
1932.31789557726	4821.10009765625
1933.77120038347	4819.5
1935.22403125538	4832.2998046875
1936.67638838679	4834.89990234375
1938.12827197137	4849.2001953125
1939.57968220272	4827.60009765625
1941.03061927433	4819.39990234375
1942.48108337956	4824.2001953125
1943.9310747117	4830.39990234375
1945.38059346392	4834.2998046875
1946.8296398293	4847.7001953125
1948.27821400079	4835.5
1949.72631617128	4825.89990234375
1951.17394653352	4839.2998046875
1952.62110528017	4828.7001953125
1954.06779260379	4828.7998046875
1955.51400869684	4841.10009765625
1956.95975375166	4844.89990234375
1958.40502796052	4840.60009765625
1959.84983151556	4827.60009765625
1961.29416460883	4840.89990234375
1962.73802743227	4829.60009765625
1964.18142017773	4833
1965.62434303695	4836.2998046875
1967.06679620156	4827.89990234375
1968.50877986311	4836.10009765625
1969.95029421303	4830.7998046875
1971.39133944265	4829.60009765625
1972.83191574321	4816.89990234375
1974.27202330584	4827
1975.71166232157	4825.89990234375
1977.15083298132	4832.39990234375
1978.58953547592	4835.7001953125
1980.02776999611	4826
1981.4655367325	4816.7001953125
1982.90283587561	4844.2998046875
1984.33966761588	4818.2001953125
1985.77603214362	4823.60009765625
1987.21192964905	4826.60009765625
1988.64736032229	4832.60009765625
1990.08232435336	4822.2998046875
1991.51682193218	4814.89990234375
1992.95085324857	4844.2998046875
1994.38441849225	4836.7001953125
1995.81751785282	4845.5
1997.25015151982	4817.2001953125
