308.278934616457	4942.966796875
310.287567911319	4948.13330078125
312.295485192019	4935.2666015625
314.302686791388	4933.66650390625
316.309173042053	4946.033203125
318.314944276434	4930.966796875
320.320000826752	4933.56689453125
322.324343025019	4925.39990234375
324.327971203043	4934.63330078125
326.330885692429	4937.33349609375
328.333086824585	4935.2333984375
330.334574930703	4933.033203125
332.33535034178	4926.16650390625
334.335413388609	4920.33349609375
336.334764401778	4929.36669921875
338.333403711675	4920
340.331331648479	4915.466796875
342.328548542175	4914.56689453125
344.325054722542	4918.16650390625
346.320850519152	4921.033203125
348.31593626138	4928.13330078125
350.310312278402	4915.2333984375
352.303978899183	4918.2001953125
354.296936452494	4916.06689453125
356.289185266904	4922.06689453125
358.280725670776	4920.7001953125
360.271557992276	4918.63330078125
362.261682559368	4909.466796875
364.251099699814	4913.66650390625
366.239809741177	4909.033203125
368.227813010818	4916.033203125
370.215109835898	4912.06689453125
372.20170054338	4914.66650390625
374.187585460023	4922.39990234375
376.172764912388	4915.033203125
378.157239226838	4926.466796875
380.141008729534	4915.2666015625
382.124073746437	4909.89990234375
384.106434603313	4920.89990234375
386.08809162572	4898.2666015625
388.069045139029	4904.466796875
390.049295468404	4911.10009765625
392.028842938811	4902.7666015625
394.007687875019	4904.2333984375
395.985830601599	4911.43310546875
397.963271442925	4900.2333984375
399.940010723167	4914.86669921875
401.916048766305	4904.63330078125
403.891385896117	4915.7666015625
405.86602243618	4904.36669921875
407.839958709881	4906.89990234375
409.813195040404	4907.89990234375
411.785731750741	4905.2333984375
413.75756916368	4897.2666015625
415.728707601818	4905.7333984375
417.699147387554	4903.16650390625
419.668888843089	4908.2666015625
421.637932290426	4907.36669921875
423.606278051377	4903.7001953125
425.573926447555	4896.36669921875
427.540877800378	4895.36669921875
429.507132431065	4904.89990234375
431.472690660642	4904.56689453125
433.43755280994	4902.43310546875
435.401719199592	4899.63330078125
437.365190150041	4899.7666015625
439.327965981529	4898.60009765625
441.290047014106	4895.93310546875
443.251433567628	4901.7998046875
445.212125961753	4900.56689453125
447.17212451595	4901.93310546875
449.131429549489	4902.7333984375
451.090041381447	4896.10009765625
453.047960330709	4898.66650390625
455.005186715963	4893.533203125
456.961720855707	4890.56689453125
458.917563068241	4892.533203125
460.872713671676	4892.2333984375
462.827172983928	4888
464.780941322717	4888.7333984375
466.734019005575	4889.89990234375
468.686406349837	4890.39990234375
470.638103672649	4885.466796875
472.589111290962	4885.10009765625
474.539429521538	4897.033203125
476.489058680939	4889.43310546875
478.437999085544	4885.33349609375
480.386251051534	4892.43310546875
482.333814894902	4882.63330078125
484.280690931447	4888.43310546875
486.226879476779	4892.5
488.172380846311	4894.033203125
490.117195355274	4894.56689453125
492.061323318697	4898.43310546875
494.004765051428	4899.83349609375
495.947520868119	4893.83349609375
497.88959108323	4901.7666015625
499.830976011039	4896.466796875
501.771675965622	4891.2998046875
503.711691260873	4882.60009765625
505.651022210494	4890.7666015625
507.589669127994	4884.89990234375
509.527632326698	4887.2666015625
511.464912119737	4891.43310546875
513.401508820053	4890.83349609375
515.337422740403	4885.5
517.272654193348	4889.43310546875
519.207203491265	4901.7998046875
521.141070946341	4883.93310546875
523.074256870573	4888.966796875
525.006761575771	4882.5
526.938585373556	4879.93310546875
528.869728575361	4888.7998046875
530.800191492426	4896.2666015625
532.729974435814	4889
534.65907771639	4888
536.587501644836	4884.36669921875
538.515246531646	4888.63330078125
540.442312687125	4893.5
542.368700421391	4896.7333984375
544.294410044379	4886.2001953125
546.219441865828	4891.033203125
548.143796195301	4878.7998046875
550.067473342166	4896.33349609375
551.990473615607	4887.7666015625
553.912797324623	4886.466796875
555.834444778028	4899.7333984375
557.755416284444	4888.7333984375
559.675712152314	4885.43310546875
561.595332689888	4880.56689453125
563.514278205237	4886.533203125
565.432549006241	4890.966796875
567.3501454006	4884.39990234375
569.267067695823	4882.7998046875
571.183316199238	4878.033203125
573.098891217987	4880.966796875
575.013793059025	4880.66650390625
576.928022029125	4877.66650390625
578.841578434876	4875.60009765625
580.754462582678	4883.83349609375
582.666674778751	4870.86669921875
584.57821532913	4871.66650390625
586.489084539665	4884.56689453125
588.399282716023	4872.2333984375
590.308810163687	4883.5
592.217667187953	4871.533203125
594.125854093942	4878.89990234375
596.033371186583	4880.7001953125
597.940218770624	4890.2333984375
599.846397150637	4875.13330078125
601.751906630997	4871.93310546875
603.656747515914	4867.7998046875
605.560920109398	4873.2998046875
607.464424715289	4872.36669921875
609.367261637237	4879.93310546875
611.269431178713	4870.7001953125
613.170933643011	4872.10009765625
615.07176933323	4873.89990234375
616.971938552299	4875.43310546875
618.871441602963	4873.2666015625
620.770278787781	4870.7333984375
622.668450409134	4869.7998046875
624.565956769221	4870.39990234375
626.462798170064	4873.39990234375
628.358974913494	4876.7666015625
630.254487301169	4860.43310546875
632.149335634567	4871.7666015625
634.043520214981	4864.06689453125
635.937041343525	4874.033203125
637.829899321136	4878.89990234375
639.722094448564	4861.533203125
641.613627026388	4863.86669921875
643.504497354998	4865.2333984375
645.394705734611	4866.033203125
647.284252465259	4878.7666015625
649.173137846801	4857
651.061362178911	4869.466796875
652.948925761086	4872.86669921875
654.835828892642	4867.89990234375
656.722071872721	4863.89990234375
658.607655000282	4867.93310546875
660.492578574105	4875.966796875
662.376842892795	4865.466796875
664.260448254774	4874.2666015625
666.143394958291	4866.2333984375
668.025683301411	4866.66650390625
669.907313582025	4875.533203125
671.788286097848	4871.60009765625
673.668601146411	4867.13330078125
675.548259025072	4870.533203125
677.427260031012	4861.2333984375
679.30560446123	4866.43310546875
681.183292612554	4867.83349609375
683.06032478163	4875.533203125
684.936701264928	4874.7001953125
686.812422358745	4875.83349609375
688.687488359198	4855.83349609375
690.561899562227	4866.966796875
692.435656263596	4863.56689453125
694.308758758895	4872.63330078125
696.181207343536	4872.533203125
698.053002312755	4866.60009765625
699.924143961612	4872.63330078125
701.794632584993	4859.56689453125
703.664468477603	4869.39990234375
705.533651933983	4862.66650390625
707.402183248485	4862.2333984375
709.270062715295	4862.39990234375
711.13729062842	4872.83349609375
713.003867281695	4874.466796875
714.869792968775	4867.13330078125
716.735067983147	4876.36669921875
718.599692618119	4865.466796875
720.463667166824	4866.83349609375
722.326991922227	4855.60009765625
724.189667177109	4872.83349609375
726.051693224085	4869
727.913070355594	4869.2333984375
729.7737988639	4864.16650390625
731.633879041095	4868.63330078125
733.493311179095	4864.5
735.352095569645	4866.89990234375
737.210232504316	4864.7666015625
739.067722274508	4872.36669921875
740.924565171441	4872.56689453125
742.780761486172	4876.13330078125
744.636311509576	4874.7998046875
746.491215532364	4867.2001953125
748.34547384507	4871.06689453125
750.199086738054	4864.10009765625
752.052054501507	4867.7001953125
753.904377425447	4870.466796875
755.756055799718	4870.89990234375
757.607089913995	4872.2333984375
759.457480057784	4873.7001953125
761.307226520411	4863.466796875
763.156329591037	4856.2666015625
765.004789558652	4860
766.852606712071	4863.83349609375
768.699781339941	4859.63330078125
770.546313730733	4869
772.392204172759	4856.2001953125
774.237452954148	4866.2333984375
776.082060362863	4860.66650390625
777.926026686698	4858.7998046875
779.769352213275	4864.2998046875
781.612037230046	4857.89990234375
783.454082024295	4859.13330078125
785.295486883131	4861.36669921875
787.136252093499	4862.2001953125
788.976377942173	4856.39990234375
790.815864715756	4865.7001953125
792.654712700681	4860.2666015625
794.492922183214	4857.36669921875
796.330493449449	4863.10009765625
798.167426785316	4869.7998046875
800.00372247657	4858.93310546875
801.839380808804	4986.5
803.674402067434	4992.06689453125
805.508786537716	5013.83349609375
807.34253450473	4908.2001953125
809.175646253394	4867.466796875
811.008122068456	4888.2001953125
812.839962234494	4942.06689453125
814.67116703592	4863.60009765625
816.501736756977	4851.7333984375
818.331671681741	4859.7001953125
820.160972094124	4865.2666015625
821.989638277862	4851.33349609375
823.817670516536	4865.7333984375
825.645069093545	4859.93310546875
827.471834292136	4860.86669921875
829.297966395379	4860.06689453125
831.12346568618	4858.466796875
832.948332447279	4863.36669921875
834.772566961251	4859
836.596169510499	4860.533203125
838.419140377269	4862.56689453125
840.241479843633	4866.7001953125
842.063188191497	4859.7333984375
843.884265702608	4855.966796875
845.704712658542	4848.86669921875
847.524529340709	4861.83349609375
849.343716030354	4862.56689453125
851.162273008561	4868.2333984375
852.980200556242	4861.10009765625
854.797498954147	4854.33349609375
856.614168482862	4852.7333984375
858.430209422811	4871.83349609375
860.245622054243	4870.36669921875
862.060406657251	4863.5
863.874563511762	4855.33349609375
865.688092897538	4862.466796875
867.500995094177	4867.13330078125
869.31327038111	4855.2666015625
871.124919037608	4863.86669921875
872.935941342778	4864.06689453125
874.746337575558	4863.36669921875
876.556108014728	4868.39990234375
878.365252938904	4850.93310546875
880.173772626534	4856.60009765625
881.981667355909	4864.466796875
883.788937405153	4866.93310546875
885.595583052224	4859.7666015625
887.401604574925	4858.63330078125
889.207002250887	4863.7333984375
891.011776357588	4861.33349609375
892.815927172335	4863.466796875
894.619454972278	4855.60009765625
896.422360034401	4848.10009765625
898.224642635531	4854.5
900.026303052327	4865.2333984375
901.827341561285	4864
903.627758438748	4857.36669921875
905.427553960888	4861.7001953125
907.226728403722	4860.89990234375
909.025282043102	4851.16650390625
910.823215154718	4851.7001953125
912.6205280141	4841.2666015625
914.417220896619	4857.7333984375
916.213294077483	4863.89990234375
918.008747831736	4860.89990234375
919.803582434265	4864.033203125
921.597798159799	4859.89990234375
923.391395282901	4869.7998046875
925.184374077973	4857.66650390625
926.976734819262	4872.2666015625
928.768477780852	4857.7666015625
930.559603236666	4856.63330078125
932.350111460469	4865.033203125
934.140002725866	4865.7998046875
935.929277306301	4867.7001953125
937.717935475056	4865.10009765625
939.505977505261	4859.7333984375
941.293403669881	4860.56689453125
943.08021424172	4873
944.866409493427	4978.533203125
946.651989697494	4892.033203125
948.436955126248	4859.7666015625
950.221306051861	4867.2001953125
952.005042746342	4864.7333984375
953.788165481551	4861.5
955.570674529179	4860.36669921875
957.352570160765	4872.13330078125
959.133852647687	4859.93310546875
960.914522261166	4869.89990234375
962.694579272266	4862.56689453125
964.47402395189	4859.33349609375
966.252856570788	4873.89990234375
968.031077399549	4866.7333984375
969.808686708604	4870.10009765625
971.585684768231	4861.63330078125
973.362071848543	4867.7001953125
975.137848219504	4867.2666015625
976.913014150917	4866.89990234375
978.687569912428	4877.2666015625
980.461515773526	4862.2666015625
982.234852003545	4863.93310546875
984.007578871663	4868.2666015625
985.779696646898	4866.2001953125
987.551205598115	4867.63330078125
989.32210599402	4862.7333984375
991.092398103166	4866.33349609375
992.862082193949	4864.2666015625
994.631158534608	4857.7333984375
996.399627393224	4865.36669921875
998.167489037729	4858.66650390625
999.934743735894	4870.466796875
1001.70139175534	4875.89990234375
1003.46743336352	4874.16650390625
1005.23286882775	4888
1006.99769841517	4886.466796875
1008.76192239279	4881.10009765625
1010.52554102745	4880.43310546875
1012.28855458583	4866.2666015625
1014.05096333447	4873.06689453125
1015.81276753974	4867.13330078125
1017.57396746786	4862.466796875
1019.33456338492	4851.2001953125
1021.09455555682	4859.033203125
1022.85394424932	4876.2998046875
1024.61272972803	4861.89990234375
1026.3709122584	4859.7333984375
1028.12849210574	4858.5
1029.88546953519	4862
1031.64184481174	4867.86669921875
1033.39761820023	4858.2333984375
1035.15278996534	4868.63330078125
1036.90736037162	4862.93310546875
1038.66132968344	4861
1040.41469816502	4857.63330078125
1042.16746608044	4867.2666015625
1043.91963369363	4859.2998046875
1045.67120126834	4869
1047.4221690682	4872.10009765625
1049.17253735667	4864.2666015625
1050.92230639706	4860.06689453125
1052.67147645254	4860.36669921875
1054.4200477861	4868.06689453125
1056.16802066061	4863.66650390625
1057.91539533876	4866.2666015625
1059.66217208311	4862.2998046875
1061.40835115607	4871.533203125
1063.15393281987	4871.10009765625
1064.89891733662	4876.2666015625
1066.64330496825	4865.2333984375
1068.38709597658	4873.2666015625
1070.13029062324	4867.7001953125
1071.87288916973	4871.033203125
1073.61489187738	4872.39990234375
1075.35629900739	4864.7998046875
1077.09711082079	4870.89990234375
1078.8373275785	4860.36669921875
1080.57694954122	4872.56689453125
1082.31597696957	4867.466796875
1084.05441012398	4867.5
1085.79224926474	4876.86669921875
1087.52949465199	4868.89990234375
1089.26614654572	4867.36669921875
1091.00220520577	4868.966796875
1092.73767089182	4868.7998046875
1094.47254386343	4862.43310546875
1096.20682437998	4867
1097.94051270072	4869.43310546875
1099.67360908473	4874.966796875
1101.40611379097	4870.33349609375
1103.13802707822	4868.83349609375
1104.86934920514	4867.39990234375
1106.60008043022	4865.966796875
1108.33022101181	4859.2666015625
1110.05977120811	4867.466796875
1111.78873127718	4869.86669921875
1113.51710147691	4869.7001953125
1115.24488206506	4867.06689453125
1116.97207329924	4872.06689453125
1118.69867543692	4867.10009765625
1120.42468873539	4874.2666015625
1122.15011345183	4874.533203125
1123.87494984325	4876.43310546875
1125.59919816651	4869.10009765625
1127.32285867835	4876.7666015625
1129.04593163533	4881.533203125
1130.76841729389	4870.63330078125
1132.49031591029	4866.83349609375
1134.21162774067	4865.33349609375
1135.93235304103	4858.86669921875
1137.65249206719	4862.2998046875
1139.37204507485	4855.2666015625
1141.09101231955	4860.56689453125
1142.80939405669	4856.7998046875
1144.52719054154	4859.93310546875
1146.24440202918	4865.39990234375
1147.96102877458	4858.2666015625
1149.67707103256	4861.89990234375
1151.39252905779	4867.7998046875
1153.10740310478	4864.966796875
1154.82169342792	4866.10009765625
1156.53540028142	4855.83349609375
1158.24852391939	4866.86669921875
1159.96106459576	4867.56689453125
1161.67302256431	4862.63330078125
1163.38439807872	4858.89990234375
1165.09519139246	4862.93310546875
1166.80540275892	4856.83349609375
1168.5150324313	4870.66650390625
1170.22408066266	4860.2001953125
1171.93254770594	4867.7333984375
1173.64043381392	4863.7666015625
1175.34773923922	4863.533203125
1177.05446423435	4865.10009765625
1178.76060905165	4869.033203125
1180.46617394332	4864.2333984375
1182.17115916142	4861.63330078125
1183.87556495787	4860.56689453125
1185.57939158443	4858.033203125
1187.28263929274	4898.7666015625
1188.98530833428	4891.5
1190.68739896038	4892.13330078125
1192.38891142226	4858.16650390625
1194.08984597095	4859.2998046875
1195.79020285736	4860.7666015625
1197.48998233228	4858.93310546875
1199.18918464631	4866.56689453125
1200.88781004994	4854.93310546875
1202.58585879352	4857.63330078125
1204.28333112722	4864.5
1205.98022730112	4861.10009765625
1207.67654756511	4867.033203125
1209.37229216897	4869.2998046875
1211.06746136231	4865.06689453125
1212.76205539464	4865.7001953125
1214.45607451528	4871.7666015625
1216.14951897343	4869.2001953125
1217.84238901816	4872.66650390625
1219.53468489838	4879.36669921875
1221.22640686285	4871.86669921875
1222.91755516023	4872.533203125
1224.60813003899	4873.06689453125
1226.29813174748	4877.89990234375
1227.98756053392	4878.63330078125
1229.67641664637	4885.5
1231.36470033276	4883.33349609375
1233.05241184087	4885.86669921875
1234.73955141834	4877.13330078125
1236.42611931269	4873
1238.11211577126	4867.60009765625
1239.79754104129	4890.10009765625
1241.48239536986	4878.966796875
1243.1666790039	4884.13330078125
1244.85039219023	4883.66650390625
1246.53353517549	4887.2998046875
1248.21610820621	4875.93310546875
1249.89811152877	4890.2001953125
1251.57954538942	4881.2666015625
1253.26041003424	4881.93310546875
1254.94070570922	4883.7333984375
1256.62043266015	4889.83349609375
1258.29959113274	4880.89990234375
1259.97818137252	4889.36669921875
1261.65620362489	4883.033203125
1263.33365813513	4889.533203125
1265.01054514835	4889.7998046875
1266.68686490955	4885.2666015625
1268.36261766357	4881.63330078125
1270.03780365511	4891.2998046875
1271.71242312876	4883
1273.38647632894	4878.56689453125
1275.05996349995	4883.10009765625
1276.73288488593	4872.39990234375
1278.40524073092	4883.7333984375
1280.07703127878	4885.93310546875
1281.74825677326	4872.39990234375
1283.41891745795	4875.86669921875
1285.08901357633	4879.83349609375
1286.75854537172	4876.10009765625
1288.42751308732	4882.33349609375
1290.09591696616	4876.56689453125
1291.76375725117	4873.033203125
1293.43103418512	4882.39990234375
1295.09774801066	4876.63330078125
1296.76389897028	4877.16650390625
1298.42948730635	4882.13330078125
1300.09451326109	4884.06689453125
1301.75897707661	4887.86669921875
1303.42287899485	4884.33349609375
1305.08621925764	4884.2333984375
1306.74899810665	4879.7998046875
1308.41121578343	4884.63330078125
1310.07287252938	4883.7333984375
1311.73396858578	4880.7998046875
1313.39450419377	4889.33349609375
1315.05447959435	4886.466796875
1316.71389502837	4883.7998046875
1318.37275073657	4886.93310546875
1320.03104695954	4885.533203125
1321.68878393773	4886.93310546875
1323.34596191148	4882.86669921875
1325.00258112095	4886.06689453125
1326.6586418062	4881.83349609375
1328.31414420715	4891.2666015625
1329.96908856358	4886.966796875
1331.62347511513	4888.2001953125
1333.2773041013	4882.966796875
1334.93057576148	4885.83349609375
1336.5832903349	4876.10009765625
1338.23544806067	4889.2333984375
1339.88704917775	4884.60009765625
1341.53809392499	4889
1343.18858254107	4894.7998046875
1344.83851526458	4888.10009765625
1346.48789233395	4888.533203125
1348.13671398746	4894.7001953125
1349.78498046328	4890.2001953125
1351.43269199945	4874.7001953125
1353.07984883386	4878.533203125
1354.72645120428	4889.63330078125
1356.37249934832	4881.466796875
1358.0179935035	4872.466796875
1359.66293390716	4882.5
1361.30732079654	4876.06689453125
1362.95115440873	4883.13330078125
1364.59443498069	4876
1366.23716274926	4879.7998046875
1367.87933795112	4869.7001953125
1369.52096082284	4874.56689453125
1371.16203160086	4863
1372.80255052146	4879.466796875
1374.44251782081	4887.466796875
1376.08193373494	4878.033203125
1377.72079849976	4873.39990234375
1379.35911235102	4874.43310546875
1380.99687552437	4878.66650390625
1382.63408825531	4871.13330078125
1384.2707507792	4881.66650390625
1385.90686333129	4876.033203125
1387.54242614668	4879.56689453125
1389.17743946034	4881.533203125
1390.81190350713	4868.06689453125
1392.44581852175	4862.16650390625
1394.07918473878	4871.63330078125
1395.71200239266	4883.56689453125
1397.34427171773	4878
1398.97599294815	4870.89990234375
1400.607166318	4865.13330078125
1402.23779206118	4868.16650390625
1403.8678704115	4875.5
1405.49740160261	4872.66650390625
1407.12638586805	4876.7001953125
1408.75482344122	4871.93310546875
1410.38271455538	4880.89990234375
1412.01005944368	4864.56689453125
1413.63685833912	4874.033203125
1415.26311147458	4868.2998046875
1416.88881908282	4868.39990234375
1418.51398139645	4863.7001953125
1420.13859864795	4871.86669921875
1421.76267106969	4871.2333984375
1423.3861988939	4876.43310546875
1425.00918235266	4873.93310546875
1426.63162167796	4869.7666015625
1428.25351710163	4878.60009765625
1429.87486885539	4878.36669921875
1431.4956771708	4873.86669921875
1433.11594227932	4874.60009765625
1434.73566441229	4889.06689453125
1436.35484380087	4895.5
1437.97348067615	4893.7998046875
1439.59157526906	4892.466796875
1441.20912781039	4888.7333984375
1442.82613853084	4890.2333984375
1444.44260766094	4904.36669921875
1446.05853543113	4895.5
1447.67392207168	4892.56689453125
1449.28876781276	4896.2001953125
1450.90307288441	4899.13330078125
1452.51683751654	4886.13330078125
1454.13006193892	4902.7001953125
1455.7427463812	4894.2001953125
1457.3548910729	4894.66650390625
1458.96649624343	4891.2998046875
1460.57756212204	4882.13330078125
1462.18808893788	4883
1463.79807691996	4884.13330078125
1465.40752629716	4881.466796875
1467.01643729824	4890.7333984375
1468.62481015183	4882.2001953125
1470.23264508643	4887.43310546875
1471.83994233041	4865.5
1473.44670211203	4871.533203125
1475.0529246594	4879.7998046875
1476.65861020052	4874.2001953125
1478.26375896326	4868.466796875
1479.86837117536	4872.86669921875
1481.47244706443	4861.5
1483.07598685796	4866.5
1484.67899078331	4860.83349609375
1486.28145906772	4858.7666015625
1487.88339193828	4851.60009765625
1489.484789622	4857.2998046875
1491.08565234573	4863.36669921875
1492.68598033618	4849.93310546875
1494.28577381998	4857.89990234375
1495.88503302359	4859.2998046875
1497.48375817338	4861.2001953125
1499.08194949556	4851.5
1500.67960721625	4848.06689453125
1502.27673156141	4850.66650390625
1503.8733227569	4845.533203125
1505.46938102845	4849.7998046875
1507.06490660165	4857.7666015625
1508.65989970199	4857.7001953125
1510.25436055481	4850.2666015625
1511.84828938533	4853.466796875
1513.44168641866	4855.16650390625
1515.03455187978	4848.7333984375
1516.62688599354	4861.39990234375
1518.21868898466	4858.7666015625
1519.80996107775	4863.56689453125
1521.40070249728	4857.2001953125
1522.99091346762	4866.2333984375
1524.58059421298	4855.33349609375
1526.16974495747	4855.7666015625
1527.75836592508	4862.13330078125
1529.34645733967	4862.7666015625
1530.93401942496	4864.7998046875
1532.52105240457	4854.2333984375
1534.10755650199	4858.56689453125
1535.69353194056	4863.2666015625
1537.27897894355	4853.033203125
1538.86389773405	4850.33349609375
1540.44828853507	4848.966796875
1542.03215156948	4870.2333984375
1543.61548706001	4850.83349609375
1545.19829522929	4861.2333984375
1546.78057629982	4867.466796875
1548.36233049399	4874.13330078125
1549.94355803403	4867.93310546875
1551.52425914209	4866.7998046875
1553.10443404018	4860
1554.68408295017	4872.2998046875
1556.26320609383	4870.2666015625
1557.84180369281	4876.2001953125
1559.41987596862	4864.56689453125
1560.99742314266	4866.7998046875
1562.57444543621	4854.60009765625
1564.15094307042	4864.43310546875
1565.72691626631	4863.86669921875
1567.3023652448	4858.7666015625
1568.87729022667	4863.2998046875
1570.45169143259	4861.2666015625
1572.02556908311	4875.2998046875
1573.59892339863	4863.466796875
1575.17175459948	4852.7666015625
1576.74406290582	4862.60009765625
1578.31584853771	4863.60009765625
1579.88711171509	4868.86669921875
1581.45785265778	4864.43310546875
1583.02807158546	4865.466796875
1584.59776871772	4872.2998046875
1586.16694427401	4858.86669921875
1587.73559847366	4869.033203125
1589.30373153587	4862.33349609375
1590.87134367974	4857.66650390625
1592.43843512425	4858.56689453125
1594.00500608823	4861.033203125
1595.57105679043	4852.33349609375
1597.13658744944	4853.56689453125
1598.70159828376	4853.60009765625
1600.26608951176	4860.56689453125
1601.83006135169	4858.13330078125
1603.39351402166	4859.10009765625
1604.95644773971	4861.033203125
1606.5188627237	4858.7333984375
1608.08075919142	4862.2001953125
1609.6421373605	4860.533203125
1611.20299744849	4863.7998046875
1612.7633396728	4859.60009765625
1614.32316425071	4859.033203125
1615.8824713994	4852.56689453125
1617.44126133591	4861.533203125
1618.9995342772	4859.43310546875
1620.55729044006	4860.93310546875
1622.1145300412	4864.56689453125
1623.67125329719	4867
1625.22746042449	4874.93310546875
1626.78315163945	4854.63330078125
1628.33832715827	4862.2998046875
1629.89298719707	4868.63330078125
1631.44713197184	4863.5
1633.00076169842	4865.033203125
1634.55387659258	4861.39990234375
1636.10647686994	4862.466796875
1637.65856274602	4862.7998046875
1639.2101344362	4868.83349609375
1640.76119215577	4863.2001953125
1642.31173611987	4861.466796875
1643.86176654355	4858.10009765625
1645.41128364173	4855.2001953125
1646.96028762922	4860
1648.5087787207	4855.89990234375
1650.05675713074	4851.33349609375
1651.60422307379	4861.86669921875
1653.15117676419	4868.06689453125
1654.69761841615	4862.89990234375
1656.24354824378	4862.16650390625
1657.78896646105	4861.966796875
1659.33387328184	4865.966796875
1660.8782689199	4865.7666015625
1662.42215358885	4872.60009765625
1663.96552750221	4869.63330078125
1665.50839087338	4869.63330078125
1667.05074391565	4861.83349609375
1668.59258684217	4863.93310546875
1670.13391986601	4860.60009765625
1671.67474320009	4857.89990234375
1673.21505705722	4849.89990234375
1674.75486165012	4850.7001953125
1676.29415719136	4861.83349609375
1677.83294389341	4852.033203125
1679.37122196863	4848.7666015625
1680.90899162926	4853.7998046875
1682.44625308741	4848.56689453125
1683.98300655509	4847.2001953125
1685.51925224419	4851.06689453125
1687.05499036649	4850.39990234375
1688.59022113364	4852.86669921875
1690.12494475719	4841.83349609375
1691.65916144857	4840.7001953125
1693.19287141908	4840.2333984375
1694.72607487993	4850.466796875
1696.2587720422	4842.033203125
1697.79096311686	4848.16650390625
1699.32264831476	4841.2001953125
1700.85382784665	4843.39990234375
1702.38450192313	4844.2333984375
1703.91467075473	4845.2333984375
1705.44433455183	4837.39990234375
1706.97349352472	4837.10009765625
1708.50214788356	4843.5
1710.03029783841	4839.56689453125
1711.55794359919	4836.16650390625
1713.08508537574	4837.86669921875
1714.61172337776	4843.60009765625
1716.13785781485	4833.2998046875
1717.66348889648	4840.63330078125
1719.18861683203	4842.7001953125
1720.71324183074	4836.06689453125
1722.23736410176	4844.466796875
1723.76098385411	4847.466796875
1725.2841012967	4833.36669921875
1726.80671663834	4832.2666015625
1728.3288300877	4841.2998046875
1729.85044185337	4840.033203125
1731.37155214379	4841.16650390625
1732.89216116731	4839.13330078125
1734.41226913218	4834.89990234375
1735.93187624649	4840.39990234375
1737.45098271827	4857.7666015625
1738.96958875541	4830.86669921875
1740.48769456569	4837.10009765625
1742.00530035677	4837.06689453125
1743.52240633621	4839.7998046875
1745.03901271145	4838.43310546875
1746.55511968983	4832.83349609375
1748.07072747857	4832.60009765625
1749.58583628476	4842.93310546875
1751.10044631541	4837.2666015625
1752.61455777739	4836.2001953125
1754.12817087747	4834.466796875
1755.64128582232	4832.7001953125
1757.15390281848	4836.7998046875
1758.66602207237	4843.56689453125
1760.17764379033	4836.83349609375
1761.68876817856	4834.2666015625
1763.19939544317	4833.33349609375
1764.70952579014	4836.43310546875
1766.21915942534	4841
1767.72829655454	4828.36669921875
1769.23693738339	4831.06689453125
1770.74508211744	4837.56689453125
1772.25273096211	4834.7998046875
1773.75988412273	4843.7333984375
1775.2665418045	4833.33349609375
1776.77270421253	4834.2001953125
1778.27837155179	4841.5
1779.78354402716	4832.10009765625
1781.28822184342	4837.2001953125
1782.79240520521	4832.16650390625
1784.29609431708	4834.06689453125
1785.79928938346	4834.2666015625
1787.30199060868	4831.7998046875
1788.80419819694	4843.10009765625
1790.30591235236	4837.66650390625
1791.80713327892	4837.533203125
1793.30786118051	4829.5
1794.8080962609	4831.56689453125
1796.30783872375	4836.56689453125
1797.80708877261	4829.06689453125
1799.30584661093	4825.43310546875
1800.80411244204	4832.7998046875
1802.30188646918	4832.33349609375
1803.79916889543	4833.33349609375
1805.29595992382	4836.966796875
1806.79225975724	4836.33349609375
1808.28806859847	4830.89990234375
1809.78338665019	4836.466796875
1811.27821411498	4832.43310546875
1812.77255119527	4820.39990234375
1814.26639809344	4834.7333984375
1815.7597550117	4829.86669921875
1817.25262215221	4831.033203125
1818.74499971698	4819.16650390625
1820.23688790791	4842.033203125
1821.72828692683	4834.466796875
1823.21919697542	4834.86669921875
1824.70961825528	4831.7998046875
1826.19955096788	4837.10009765625
1827.68899531459	4838.533203125
1829.17795149668	4836.5
1830.6664197153	4841.66650390625
1832.1544001715	4841.36669921875
1833.64189306621	4826.533203125
1835.12889860028	4847.2333984375
1836.61541697441	4837.89990234375
1838.10144838922	4839.56689453125
1839.58699304523	4832
1841.07205114283	4829.2001953125
1842.55662288231	4834.60009765625
1844.04070846385	4834.7998046875
1845.52430808754	4840.33349609375
1847.00742195334	4831.39990234375
1848.49005026111	4838.43310546875
1849.97219321061	4835.63330078125
1851.45385100149	4841.36669921875
1852.93502383328	4837.2666015625
1854.41571190541	4836.2666015625
1855.89591541723	4838.16650390625
1857.37563456793	4841.10009765625
1858.85486955664	4841.7001953125
1860.33362058237	4835.533203125
1861.811887844	4837.7001953125
1863.28967154034	4841
1864.76697187007	4834.06689453125
1866.24378903176	4834.7666015625
1867.7201232239	4831.7001953125
1869.19597464484	4836.39990234375
1870.67134349286	4830.66650390625
1872.14622996609	4834.33349609375
1873.6206342626	4843.13330078125
1875.09455658032	4837.13330078125
1876.56799711708	4838.966796875
1878.04095607063	4839.33349609375
1879.51343363858	4846.033203125
1880.98543001845	4836.466796875
1882.45694540766	4842.36669921875
1883.92798000351	4834.43310546875
1885.3985340032	4840.7333984375
1886.86860760384	4840.2666015625
1888.3382010024	4835.86669921875
1889.80731439579	4852.36669921875
1891.27594798077	4840.56689453125
1892.74410195403	4842.66650390625
1894.21177651212	4837.2333984375
1895.67897185153	4843.06689453125
1897.14568816861	4835.033203125
1898.61192565961	4834.83349609375
1900.07768452068	4853.56689453125
1901.54296494788	4841.7333984375
1903.00776713713	4842.43310546875
1904.47209128429	4844.2998046875
1905.93593758507	4833.43310546875
1907.39930623511	4848.63330078125
1908.86219742994	4840.93310546875
1910.32461136496	4843.16650390625
1911.78654823549	4845.2001953125
1913.24800823675	4844.2666015625
1914.70899156384	4839.63330078125
1916.16949841176	4850.16650390625
1917.62952897541	4845
1919.08908344959	4848.60009765625
1920.54816202898	4846.86669921875
1922.00676490818	4853.5
1923.46489228166	4848.7001953125
1924.9225443438	4844.533203125
1926.37972128889	4843.966796875
1927.83642331108	4840.63330078125
1929.29265060446	4844.06689453125
1930.74840336299	4848.5
1932.20368178053	4847
1933.65848605084	4854.93310546875
1935.11281636757	4836.2001953125
1936.56667292428	4846.7998046875
1938.02005591442	4850.13330078125
1939.47296553133	4848.93310546875
1940.92540196827	4856.86669921875
1942.37736541837	4852.33349609375
1943.82885607466	4852.13330078125
1945.2798741301	4848.2998046875
1946.7304197775	4841.7333984375
1948.1804932096	4846.2666015625
1949.63009461904	4848.2666015625
1951.07922419833	4849.033203125
1952.52788213989	4845.7001953125
1953.97606863606	4845.533203125
1955.42378387906	4852.66650390625
1956.87102806099	4848.89990234375
1958.31780137387	4848.60009765625
1959.76410400963	4836.83349609375
1961.20993616006	4851.86669921875
1962.65529801688	4848.7666015625
1964.1001897717	4849.06689453125
1965.54461161602	4859.36669921875
1966.98856374125	4843.60009765625
1968.4320463387	4852.466796875
1969.87505959955	4845.2666015625
1971.31760371492	4848.10009765625
1972.75967887581	4843.5
1974.20128527311	4854.5
1975.64242309761	4845.43310546875
1977.08309254001	4849.89990234375
1978.52329379092	4850.7666015625
1979.96302704082	4848.533203125
1981.4022924801	4853.33349609375
1982.84109029905	4849.89990234375
1984.27942068787	4844.66650390625
1985.71728383665	4847.7666015625
1987.15467993537	4845.43310546875
1988.59160917393	4848.39990234375
1990.02807174211	4865.56689453125
1991.4640678296	4851.533203125
1992.89959762599	4844.13330078125
1994.33466132077	4855.39990234375
1995.76925910332	4848.7001953125
1997.20339116293	4848.7666015625
1998.63705768878	4846.7001953125
2000.07025886997	4852.83349609375
2001.50299489548	4858.83349609375
2002.93526595419	4849.13330078125
2004.3670722349	4851.466796875
2005.79841392628	4845.86669921875
2007.22929121694	4850.7001953125
2008.65970429535	4843.10009765625
2010.08965334991	4844.7998046875
2011.51913856889	4849.60009765625
2012.9481601405	4839.33349609375
2014.37671825283	4849.2998046875
2015.80481309385	4858.06689453125
2017.23244485146	4844.5
2018.65961371347	4847
2020.08631986755	4843.93310546875
2021.5125635013	4840.7666015625
2022.93834480222	4846.86669921875
2024.36366395771	4843.7998046875
2025.78852115506	4843.66650390625
2027.21291658146	4844.7666015625
2028.63685042403	4837.86669921875
2030.06032286975	4837.7001953125
2031.48333410554	4846.39990234375
2032.9058843182	4840.2998046875
2034.32797369442	4834.63330078125
2035.74960242083	4840.43310546875
2037.17077068392	4842.13330078125
2038.59147867012	4848.2333984375
2040.01172656573	4829.43310546875
