308.278934616457	6200.83349609375
310.287567911319	6223.16650390625
312.295485192019	6255.83349609375
314.302686791388	6229.83349609375
316.309173042053	6184
318.314944276434	6156
320.320000826752	6166.66650390625
322.324343025019	6176.83349609375
324.327971203043	6199.66650390625
326.330885692429	6176.5
328.333086824585	6156.33349609375
330.334574930703	6146.5
332.33535034178	6197.16650390625
334.335413388609	6201.66650390625
336.334764401778	6162.16650390625
338.333403711675	6157.5
340.331331648479	6149.16650390625
342.328548542175	6137.5
344.325054722542	6153.5
346.320850519152	6131.16650390625
348.31593626138	6096.66650390625
350.310312278402	6141.83349609375
352.303978899183	6117
354.296936452494	6078.5
356.289185266904	6121.16650390625
358.280725670776	6094.5
360.271557992276	6148.16650390625
362.261682559368	6118.5
364.251099699814	6086.33349609375
366.239809741177	6100
368.227813010818	6107
370.215109835898	6099
372.20170054338	6098
374.187585460023	6067.5
376.172764912388	6104.33349609375
378.157239226838	6115.83349609375
380.141008729534	6040
382.124073746437	6051.66650390625
384.106434603313	6059.33349609375
386.08809162572	6047.83349609375
388.069045139029	6078
390.049295468404	6062.33349609375
392.028842938811	6052.33349609375
394.007687875019	6095.83349609375
395.985830601599	6044.5
397.963271442925	6038.83349609375
399.940010723167	6079.33349609375
401.916048766305	6041.33349609375
403.891385896117	5997.33349609375
405.86602243618	6043.66650390625
407.839958709881	6085.5
409.813195040404	6063
411.785731750741	6038.16650390625
413.75756916368	6009.83349609375
415.728707601818	5999.16650390625
417.699147387554	6067.33349609375
419.668888843089	6055.83349609375
421.637932290426	6067.33349609375
423.606278051377	6038.33349609375
425.573926447555	5996.5
427.540877800378	5956.16650390625
429.507132431065	5981.83349609375
431.472690660642	6041.33349609375
433.43755280994	6017.5
435.401719199592	6029.83349609375
437.365190150041	6010.83349609375
439.327965981529	6023.66650390625
441.290047014106	5997.16650390625
443.251433567628	5982.83349609375
445.212125961753	6012.16650390625
447.17212451595	5995
449.131429549489	6011
451.090041381447	6019.5
453.047960330709	6006.16650390625
455.005186715963	5976
456.961720855707	5964.5
458.917563068241	5973.83349609375
460.872713671676	5955.5
462.827172983928	5988.33349609375
464.780941322717	6008.33349609375
466.734019005575	5973
468.686406349837	5938
470.638103672649	5916
472.589111290962	5968.33349609375
474.539429521538	5947.83349609375
476.489058680939	5938.66650390625
478.437999085544	5952.66650390625
480.386251051534	5952.5
482.333814894902	5919
484.280690931447	5914.5
486.226879476779	5929.5
488.172380846311	5907
490.117195355274	5947.5
492.061323318697	5944
494.004765051428	5961.5
495.947520868119	5948
497.88959108323	5945
499.830976011039	5914.33349609375
501.771675965622	5908.33349609375
503.711691260873	5912
505.651022210494	5937
507.589669127994	5919.66650390625
509.527632326698	5912.83349609375
511.464912119737	5901.83349609375
513.401508820053	5900.66650390625
515.337422740403	5862.5
517.272654193348	5880.66650390625
519.207203491265	5917.16650390625
521.141070946341	5936.16650390625
523.074256870573	5941.66650390625
525.006761575771	5874.66650390625
526.938585373556	5892
528.869728575361	5864
530.800191492426	5880.16650390625
532.729974435814	5897.66650390625
534.65907771639	5880.83349609375
536.587501644836	5872
538.515246531646	5868.5
540.442312687125	5880.33349609375
542.368700421391	5861
544.294410044379	5866.33349609375
546.219441865828	5881.33349609375
548.143796195301	5864.5
550.067473342166	5866.33349609375
551.990473615607	5863.16650390625
553.912797324623	5864.5
555.834444778028	5855.5
557.755416284444	5860.66650390625
559.675712152314	5861
561.595332689888	5858.83349609375
563.514278205237	5903.66650390625
565.432549006241	5857.33349609375
567.3501454006	5810.83349609375
569.267067695823	5825
571.183316199238	5872.66650390625
573.098891217987	5885.83349609375
575.013793059025	5803.5
576.928022029125	5787.16650390625
578.841578434876	5840
580.754462582678	5826.33349609375
582.666674778751	5842.83349609375
584.57821532913	5830.33349609375
586.489084539665	5802.66650390625
588.399282716023	5821.16650390625
590.308810163687	5829.66650390625
592.217667187953	5831.33349609375
594.125854093942	5811.33349609375
596.033371186583	5834.5
597.940218770624	5832.16650390625
599.846397150637	5828.16650390625
601.751906630997	5806
603.656747515914	5808.16650390625
605.560920109398	5802.16650390625
607.464424715289	5832
609.367261637237	5830
611.269431178713	5812.66650390625
613.170933643011	5791.5
615.07176933323	5783.33349609375
616.971938552299	5798.66650390625
618.871441602963	5798.33349609375
620.770278787781	5809.16650390625
622.668450409134	5774.16650390625
624.565956769221	5780
626.462798170064	5773.66650390625
628.358974913494	5790.5
630.254487301169	5757
632.149335634567	5774
634.043520214981	5770.33349609375
635.937041343525	5811.66650390625
637.829899321136	5816.66650390625
639.722094448564	5777.83349609375
641.613627026388	5764
643.504497354998	5785.83349609375
645.394705734611	5765.83349609375
647.284252465259	5746.83349609375
649.173137846801	5730.5
651.061362178911	5728.5
652.948925761086	5762
654.835828892642	5751.66650390625
656.722071872721	5773.66650390625
658.607655000282	5779.66650390625
660.492578574105	5761.33349609375
662.376842892795	5749.5
664.260448254774	5756
666.143394958291	5734.5
668.025683301411	5738.33349609375
669.907313582025	5717.16650390625
671.788286097848	5754.16650390625
673.668601146411	5736.83349609375
675.548259025072	5746.66650390625
677.427260031012	5743
679.30560446123	5730.16650390625
681.183292612554	5745.5
683.06032478163	5745.66650390625
684.936701264928	5749.83349609375
686.812422358745	5711.16650390625
688.687488359198	5748.33349609375
690.561899562227	5744.33349609375
692.435656263596	5725.33349609375
694.308758758895	5747.66650390625
696.181207343536	5748.66650390625
698.053002312755	5718.33349609375
699.924143961612	5700.5
701.794632584993	5718.33349609375
703.664468477603	5734.5
705.533651933983	5726.5
707.402183248485	5739.83349609375
709.270062715295	5802.66650390625
711.13729062842	5874
713.003867281695	5995.33349609375
714.869792968775	6032.83349609375
716.735067983147	6027.83349609375
718.599692618119	5915.16650390625
720.463667166824	5848
722.326991922227	5728.83349609375
724.189667177109	5749.5
726.051693224085	5706.5
727.913070355594	5695.83349609375
729.7737988639	5679.83349609375
731.633879041095	5675.83349609375
733.493311179095	5679.66650390625
735.352095569645	5673.83349609375
737.210232504316	5681.83349609375
739.067722274508	5685.5
740.924565171441	5684.66650390625
742.780761486172	5676.16650390625
744.636311509576	5663.5
746.491215532364	5679.66650390625
748.34547384507	5690.66650390625
750.199086738054	5655.66650390625
752.052054501507	5651.5
753.904377425447	5665.83349609375
755.756055799718	5660.66650390625
757.607089913995	5684.83349609375
759.457480057784	5663.33349609375
761.307226520411	5661.83349609375
763.156329591037	5615.5
765.004789558652	5644.5
766.852606712071	5642.16650390625
768.699781339941	5622
770.546313730733	5626.5
772.392204172759	5638.33349609375
774.237452954148	5641.33349609375
776.082060362863	5620.83349609375
777.926026686698	5607.16650390625
779.769352213275	5642.83349609375
781.612037230046	5632.33349609375
783.454082024295	5631
785.295486883131	5635.5
787.136252093499	5616.33349609375
788.976377942173	5615.33349609375
790.815864715756	5624.66650390625
792.654712700681	5617.83349609375
794.492922183214	5625.66650390625
796.330493449449	5626.16650390625
798.167426785316	5617.83349609375
800.00372247657	5625.83349609375
801.839380808804	5587.83349609375
803.674402067434	5595.83349609375
805.508786537716	5605.5
807.34253450473	5618.16650390625
809.175646253394	5618.66650390625
811.008122068456	5628.33349609375
812.839962234494	5611.16650390625
814.67116703592	5618.66650390625
816.501736756977	5605.16650390625
818.331671681741	5571.33349609375
820.160972094124	5600.83349609375
821.989638277862	5614.16650390625
823.817670516536	5626.33349609375
825.645069093545	5588.16650390625
827.471834292136	5589.16650390625
829.297966395379	5570.16650390625
831.12346568618	5595.33349609375
832.948332447279	5599.16650390625
834.772566961251	5580.16650390625
836.596169510499	5580.16650390625
838.419140377269	5591.16650390625
840.241479843633	5581.16650390625
842.063188191497	5569.5
843.884265702608	5557.5
845.704712658542	5600.33349609375
847.524529340709	5603.16650390625
849.343716030354	5566.33349609375
851.162273008561	5578.66650390625
852.980200556242	5548.83349609375
854.797498954147	5577
856.614168482862	5561.83349609375
858.430209422811	5567.66650390625
860.245622054243	5547.83349609375
862.060406657251	5563
863.874563511762	5581.66650390625
865.688092897538	5578.5
867.500995094177	5568.66650390625
869.31327038111	5558.16650390625
871.124919037608	5552.66650390625
872.935941342778	5567.5
874.746337575558	5592.66650390625
876.556108014728	5542.83349609375
878.365252938904	5550.5
880.173772626534	5552.33349609375
881.981667355909	5548
883.788937405153	5548.16650390625
885.595583052224	5561
887.401604574925	5555.33349609375
889.207002250887	5572.33349609375
891.011776357588	5541.16650390625
892.815927172335	5514.5
894.619454972278	5512.83349609375
896.422360034401	5555.33349609375
898.224642635531	5548.5
900.026303052327	5539.66650390625
901.827341561285	5531.16650390625
903.627758438748	5521
905.427553960888	5563.83349609375
907.226728403722	5530.33349609375
909.025282043102	5524
910.823215154718	5528
912.6205280141	5507.5
914.417220896619	5510.66650390625
916.213294077483	5551
918.008747831736	5540.83349609375
919.803582434265	5516
921.597798159799	5498.66650390625
923.391395282901	5497
925.184374077973	5524.83349609375
926.976734819262	5520
928.768477780852	5495
930.559603236666	5509.83349609375
932.350111460469	5498.33349609375
934.140002725866	5503.83349609375
935.929277306301	5520
937.717935475056	5525.5
939.505977505261	5528.33349609375
941.293403669881	5515.33349609375
943.08021424172	5498.83349609375
944.866409493427	5497
946.651989697494	5524.66650390625
948.436955126248	5512.83349609375
950.221306051861	5528
952.005042746342	5502.5
953.788165481551	5501.5
955.570674529179	5542.33349609375
957.352570160765	5540.66650390625
959.133852647687	5551.66650390625
960.914522261166	5542
962.694579272266	5529.16650390625
964.47402395189	5555.5
966.252856570788	5539.33349609375
968.031077399549	5523.5
969.808686708604	5511.5
971.585684768231	5507.83349609375
973.362071848543	5534
975.137848219504	5510.33349609375
976.913014150917	5499.83349609375
978.687569912428	5505
980.461515773526	5484.66650390625
982.234852003545	5471.16650390625
984.007578871663	5480.16650390625
985.779696646898	5476.16650390625
987.551205598115	5446.5
989.32210599402	5493.83349609375
991.092398103166	5479.83349609375
992.862082193949	5481.16650390625
994.631158534608	5462.66650390625
996.399627393224	5478.5
998.167489037729	5469.83349609375
999.934743735894	5458.5
1001.70139175534	5458.33349609375
1003.46743336352	5448.83349609375
1005.23286882775	5479.83349609375
1006.99769841517	5481.83349609375
1008.76192239279	5492.66650390625
1010.52554102745	5457.16650390625
1012.28855458583	5454.33349609375
1014.05096333447	5476.83349609375
1015.81276753974	5467
1017.57396746786	5467
1019.33456338492	5464.5
1021.09455555682	5454.16650390625
1022.85394424932	5489.16650390625
1024.61272972803	5440
1026.3709122584	5463
1028.12849210574	5464.16650390625
1029.88546953519	5487.16650390625
1031.64184481174	5458.83349609375
1033.39761820023	5448.33349609375
1035.15278996534	5456.5
1036.90736037162	5432.66650390625
1038.66132968344	5422.83349609375
1040.41469816502	5446.83349609375
1042.16746608044	5468.83349609375
1043.91963369363	5458.33349609375
1045.67120126834	5445.66650390625
1047.4221690682	5446.16650390625
1049.17253735667	5457.16650390625
1050.92230639706	5418.66650390625
1052.67147645254	5422.83349609375
1054.4200477861	5443.83349609375
1056.16802066061	5421
1057.91539533876	5450.5
1059.66217208311	5427.83349609375
1061.40835115607	5449
1063.15393281987	5454.5
1064.89891733662	5431.33349609375
1066.64330496825	5456.5
1068.38709597658	5459.16650390625
1070.13029062324	5471.5
1071.87288916973	5448.83349609375
1073.61489187738	5459.66650390625
1075.35629900739	5466.33349609375
1077.09711082079	5489.83349609375
1078.8373275785	5536.16650390625
1080.57694954122	5595
1082.31597696957	5682.66650390625
1084.05441012398	5945.16650390625
1085.79224926474	6544.33349609375
1087.52949465199	7458.83349609375
1089.26614654572	7953.83349609375
1091.00220520577	7630.83349609375
1092.73767089182	6803.33349609375
1094.47254386343	6064.5
1096.20682437998	5650.66650390625
1097.94051270072	5519.66650390625
1099.67360908473	5459.5
1101.40611379097	5434.33349609375
1103.13802707822	5418.16650390625
1104.86934920514	5420.16650390625
1106.60008043022	5410.33349609375
1108.33022101181	5391.5
1110.05977120811	5449.83349609375
1111.78873127718	5397.5
1113.51710147691	5400.66650390625
1115.24488206506	5392.33349609375
1116.97207329924	5413
1118.69867543692	5401.83349609375
1120.42468873539	5392.83349609375
1122.15011345183	5394.33349609375
1123.87494984325	5391.83349609375
1125.59919816651	5407.16650390625
1127.32285867835	5377.66650390625
1129.04593163533	5397.83349609375
1130.76841729389	5357
1132.49031591029	5380
1134.21162774067	5365.33349609375
1135.93235304103	5353.33349609375
1137.65249206719	5370.16650390625
1139.37204507485	5359.33349609375
1141.09101231955	5382
1142.80939405669	5329
1144.52719054154	5362.83349609375
1146.24440202918	5375.5
1147.96102877458	5377.83349609375
1149.67707103256	5363.5
1151.39252905779	5376.33349609375
1153.10740310478	5345
1154.82169342792	5374.5
1156.53540028142	5343.83349609375
1158.24852391939	5357
1159.96106459576	5377.33349609375
1161.67302256431	5371
1163.38439807872	5344.5
1165.09519139246	5364.16650390625
1166.80540275892	5354.5
1168.5150324313	5370
1170.22408066266	5336.5
1171.93254770594	5366.33349609375
1173.64043381392	5369.5
1175.34773923922	5379.16650390625
1177.05446423435	5365.5
1178.76060905165	5326.33349609375
1180.46617394332	5361.33349609375
1182.17115916142	5344.66650390625
1183.87556495787	5345.33349609375
1185.57939158443	5331.83349609375
1187.28263929274	5347.5
1188.98530833428	5334.5
1190.68739896038	5351.83349609375
1192.38891142226	5343.66650390625
1194.08984597095	5352.16650390625
1195.79020285736	5351.16650390625
1197.48998233228	5326.33349609375
1199.18918464631	5338.33349609375
1200.88781004994	5336
1202.58585879352	5319.5
1204.28333112722	5329.5
1205.98022730112	5334.33349609375
1207.67654756511	5347.5
1209.37229216897	5340
1211.06746136231	5333.33349609375
1212.76205539464	5323.5
1214.45607451528	5313
1216.14951897343	5334.66650390625
1217.84238901816	5331
1219.53468489838	5315.16650390625
1221.22640686285	5321.83349609375
1222.91755516023	5336.66650390625
1224.60813003899	5336.33349609375
1226.29813174748	5345.66650390625
1227.98756053392	5313.5
1229.67641664637	5315
1231.36470033276	5334.5
1233.05241184087	5340.83349609375
1234.73955141834	5326.83349609375
1236.42611931269	5302.66650390625
1238.11211577126	5305.5
1239.79754104129	5341.83349609375
1241.48239536986	5331.83349609375
1243.1666790039	5322
1244.85039219023	5322.83349609375
1246.53353517549	5319.5
1248.21610820621	5319
1249.89811152877	5340.5
1251.57954538942	5321.66650390625
1253.26041003424	5309.33349609375
1254.94070570922	5304.16650390625
1256.62043266015	5304.33349609375
1258.29959113274	5317.33349609375
1259.97818137252	5325.33349609375
1261.65620362489	5300.83349609375
1263.33365813513	5313.5
1265.01054514835	5307.16650390625
1266.68686490955	5317.83349609375
1268.36261766357	5314.83349609375
1270.03780365511	5317.16650390625
1271.71242312876	5326.5
1273.38647632894	5302.83349609375
1275.05996349995	5291.33349609375
1276.73288488593	5315.5
1278.40524073092	5293.5
1280.07703127878	5312.33349609375
1281.74825677326	5292
1283.41891745795	5316
1285.08901357633	5322
1286.75854537172	5297
1288.42751308732	5295.33349609375
1290.09591696616	5309.16650390625
1291.76375725117	5301.33349609375
1293.43103418512	5284.33349609375
1295.09774801066	5289.5
1296.76389897028	5279.5
1298.42948730635	5286.66650390625
1300.09451326109	5274.33349609375
1301.75897707661	5290.33349609375
1303.42287899485	5302.83349609375
1305.08621925764	5311.66650390625
1306.74899810665	5310.33349609375
1308.41121578343	5278.83349609375
1310.07287252938	5286.16650390625
1311.73396858578	5274.33349609375
1313.39450419377	5286.5
1315.05447959435	5252.16650390625
1316.71389502837	5293.16650390625
1318.37275073657	5296
1320.03104695954	5279.16650390625
1321.68878393773	5290.5
1323.34596191148	5276
1325.00258112095	5263.83349609375
1326.6586418062	5273.16650390625
1328.31414420715	5296.33349609375
1329.96908856358	5281.83349609375
1331.62347511513	5276.66650390625
1333.2773041013	5267
1334.93057576148	5282.66650390625
1336.5832903349	5280.83349609375
1338.23544806067	5275.33349609375
1339.88704917775	5276.16650390625
1341.53809392499	5277.16650390625
1343.18858254107	5280
1344.83851526458	5276.5
1346.48789233395	5273.16650390625
1348.13671398746	5286.16650390625
1349.78498046328	5264.66650390625
1351.43269199945	5263.66650390625
1353.07984883386	5258
1354.72645120428	5259.66650390625
1356.37249934832	5258
1358.0179935035	5242
1359.66293390716	5242.5
1361.30732079654	5257.33349609375
1362.95115440873	5235.83349609375
1364.59443498069	5247.5
1366.23716274926	5239.16650390625
1367.87933795112	5264.66650390625
1369.52096082284	5260.83349609375
1371.16203160086	5242.33349609375
1372.80255052146	5253.5
1374.44251782081	5253.5
1376.08193373494	5274
1377.72079849976	5232.83349609375
1379.35911235102	5246.5
1380.99687552437	5226
1382.63408825531	5245.83349609375
1384.2707507792	5221
1385.90686333129	5252.5
1387.54242614668	5259.66650390625
1389.17743946034	5266
1390.81190350713	5242
1392.44581852175	5244
1394.07918473878	5246.66650390625
1395.71200239266	5236
1397.34427171773	5225.16650390625
1398.97599294815	5220.5
1400.607166318	5225.66650390625
1402.23779206118	5245
1403.8678704115	5225.66650390625
1405.49740160261	5239.5
1407.12638586805	5238.83349609375
1408.75482344122	5247.33349609375
1410.38271455538	5270.66650390625
1412.01005944368	5232.16650390625
1413.63685833912	5236.16650390625
1415.26311147458	5237.66650390625
1416.88881908282	5231.33349609375
1418.51398139645	5257
1420.13859864795	5262.16650390625
1421.76267106969	5241.33349609375
1423.3861988939	5230
1425.00918235266	5227.66650390625
1426.63162167796	5233.83349609375
1428.25351710163	5235
1429.87486885539	5231.33349609375
1431.4956771708	5217.5
1433.11594227932	5241.16650390625
1434.73566441229	5235.16650390625
1436.35484380087	5232
1437.97348067615	5256.16650390625
1439.59157526906	5261.5
1441.20912781039	5239.83349609375
1442.82613853084	5272.16650390625
1444.44260766094	5250.5
1446.05853543113	5227.16650390625
1447.67392207168	5243.83349609375
1449.28876781276	5236.83349609375
1450.90307288441	5225.16650390625
1452.51683751654	5223.5
1454.13006193892	5223.66650390625
1455.7427463812	5194.66650390625
1457.3548910729	5222.33349609375
1458.96649624343	5228
1460.57756212204	5220.33349609375
1462.18808893788	5220.33349609375
1463.79807691996	5203
1465.40752629716	5171.33349609375
1467.01643729824	5188.66650390625
1468.62481015183	5210.66650390625
1470.23264508643	5201.66650390625
1471.83994233041	5219.66650390625
1473.44670211203	5222
1475.0529246594	5220
1476.65861020052	5211.66650390625
1478.26375896326	5208.66650390625
1479.86837117536	5206.33349609375
1481.47244706443	5190.16650390625
1483.07598685796	5217.33349609375
1484.67899078331	5185.66650390625
1486.28145906772	5193.83349609375
1487.88339193828	5174.16650390625
1489.484789622	5191
1491.08565234573	5227
1492.68598033618	5183.83349609375
1494.28577381998	5187.5
1495.88503302359	5187.16650390625
1497.48375817338	5197.33349609375
1499.08194949556	5189.16650390625
1500.67960721625	5193
1502.27673156141	5205.5
1503.8733227569	5161.66650390625
1505.46938102845	5166.5
1507.06490660165	5183.83349609375
1508.65989970199	5183.16650390625
1510.25436055481	5166.16650390625
1511.84828938533	5166.16650390625
1513.44168641866	5184.16650390625
1515.03455187978	5183.33349609375
1516.62688599354	5209.5
1518.21868898466	5177.33349609375
1519.80996107775	5161
1521.40070249728	5164.5
1522.99091346762	5169.16650390625
1524.58059421298	5172.33349609375
1526.16974495747	5145.5
1527.75836592508	5172.83349609375
1529.34645733967	5176.66650390625
1530.93401942496	5158.16650390625
1532.52105240457	5162.33349609375
1534.10755650199	5163.5
1535.69353194056	5169.66650390625
1537.27897894355	5150.16650390625
1538.86389773405	5154.33349609375
1540.44828853507	5147
1542.03215156948	5152.83349609375
1543.61548706001	5152.66650390625
1545.19829522929	5156
1546.78057629982	5138.16650390625
1548.36233049399	5135.66650390625
1549.94355803403	5156.33349609375
1551.52425914209	5158.5
1553.10443404018	5141.5
1554.68408295017	5144
1556.26320609383	5164.5
1557.84180369281	5134.66650390625
1559.41987596862	5152.5
1560.99742314266	5150.66650390625
1562.57444543621	5129.66650390625
1564.15094307042	5147
1565.72691626631	5129
1567.3023652448	5129
1568.87729022667	5143.5
1570.45169143259	5142.5
1572.02556908311	5136.5
1573.59892339863	5149.83349609375
1575.17175459948	5131.16650390625
1576.74406290582	5140
1578.31584853771	5140.16650390625
1579.88711171509	5137.5
1581.45785265778	5129.83349609375
1583.02807158546	5129
1584.59776871772	5150.33349609375
1586.16694427401	5135.5
1587.73559847366	5126
1589.30373153587	5131.33349609375
1590.87134367974	5148.83349609375
1592.43843512425	5131.5
1594.00500608823	5213
1595.57105679043	5334.5
1597.13658744944	5204.33349609375
1598.70159828376	5123
1600.26608951176	5106.16650390625
1601.83006135169	5127.83349609375
1603.39351402166	5107.83349609375
1604.95644773971	5134.66650390625
1606.5188627237	5124.66650390625
1608.08075919142	5115
1609.6421373605	5114.16650390625
1611.20299744849	5117.33349609375
1612.7633396728	5119.5
1614.32316425071	5104.83349609375
1615.8824713994	5113.33349609375
1617.44126133591	5110.16650390625
1618.9995342772	5101.33349609375
1620.55729044006	5118.33349609375
1622.1145300412	5115.66650390625
1623.67125329719	5124.16650390625
1625.22746042449	5127.83349609375
1626.78315163945	5100
1628.33832715827	5103
1629.89298719707	5092.66650390625
1631.44713197184	5112.16650390625
1633.00076169842	5117.16650390625
1634.55387659258	5109.5
1636.10647686994	5094.16650390625
1637.65856274602	5077.16650390625
1639.2101344362	5127.5
1640.76119215577	5111
1642.31173611987	5099.66650390625
1643.86176654355	5102
1645.41128364173	5089.83349609375
1646.96028762922	5090.33349609375
1648.5087787207	5091
1650.05675713074	5074.16650390625
1651.60422307379	5095.5
1653.15117676419	5086.66650390625
1654.69761841615	5096.66650390625
1656.24354824378	5094
1657.78896646105	5098.66650390625
1659.33387328184	5119.33349609375
1660.8782689199	5117.66650390625
1662.42215358885	5103.16650390625
1663.96552750221	5096.66650390625
1665.50839087338	5101.66650390625
1667.05074391565	5107.16650390625
1668.59258684217	5107.83349609375
1670.13391986601	5118.83349609375
1671.67474320009	5110.16650390625
1673.21505705722	5101.66650390625
1674.75486165012	5093
1676.29415719136	5094.83349609375
1677.83294389341	5092.83349609375
1679.37122196863	5090.16650390625
1680.90899162926	5096.83349609375
1682.44625308741	5087
1683.98300655509	5095.33349609375
1685.51925224419	5073
1687.05499036649	5084
1688.59022113364	5100
1690.12494475719	5083.33349609375
1691.65916144857	5078
1693.19287141908	5084.66650390625
1694.72607487993	5080.5
1696.2587720422	5080.66650390625
1697.79096311686	5086.5
1699.32264831476	5064.66650390625
1700.85382784665	5095.83349609375
1702.38450192313	5094.5
1703.91467075473	5094.5
1705.44433455183	5069
1706.97349352472	5074.5
1708.50214788356	5061.16650390625
1710.03029783841	5067.66650390625
1711.55794359919	5076.66650390625
1713.08508537574	5062.16650390625
1714.61172337776	5062.16650390625
1716.13785781485	5073.5
1717.66348889648	5066
1719.18861683203	5085.83349609375
1720.71324183074	5079.83349609375
1722.23736410176	5087
1723.76098385411	5068.33349609375
1725.2841012967	5075.33349609375
1726.80671663834	5058.33349609375
1728.3288300877	5065.33349609375
1729.85044185337	5068.83349609375
1731.37155214379	5079.66650390625
1732.89216116731	5078
1734.41226913218	5085.33349609375
1735.93187624649	5078
1737.45098271827	5068.83349609375
1738.96958875541	5085.66650390625
1740.48769456569	5052.83349609375
1742.00530035677	5060.16650390625
1743.52240633621	5079
1745.03901271145	5059
1746.55511968983	5059.16650390625
1748.07072747857	5045
1749.58583628476	5067.83349609375
1751.10044631541	5064.16650390625
1752.61455777739	5072.5
1754.12817087747	5068.33349609375
1755.64128582232	5045.33349609375
1757.15390281848	5076.83349609375
1758.66602207237	5086.33349609375
1760.17764379033	5071.83349609375
1761.68876817856	5064.5
1763.19939544317	5059
1764.70952579014	5038.16650390625
1766.21915942534	5059.83349609375
1767.72829655454	5035.66650390625
1769.23693738339	5040.16650390625
1770.74508211744	5062.5
1772.25273096211	5045.5
1773.75988412273	5042.5
1775.2665418045	5037.66650390625
1776.77270421253	5027
1778.27837155179	5035.5
1779.78354402716	5041.83349609375
1781.28822184342	5032.66650390625
1782.79240520521	5027
1784.29609431708	5029.33349609375
1785.79928938346	5035.83349609375
1787.30199060868	5042.83349609375
1788.80419819694	5043.33349609375
1790.30591235236	5039
1791.80713327892	5041.33349609375
1793.30786118051	5018.66650390625
1794.8080962609	5030
1796.30783872375	5035.33349609375
1797.80708877261	5030.33349609375
1799.30584661093	5034.83349609375
1800.80411244204	5025.83349609375
1802.30188646918	5053.5
1803.79916889543	5033
1805.29595992382	5012.83349609375
1806.79225975724	5022.16650390625
1808.28806859847	5042.66650390625
1809.78338665019	5038.16650390625
1811.27821411498	5017.33349609375
1812.77255119527	4999.5
1814.26639809344	5018.16650390625
1815.7597550117	5024.5
1817.25262215221	5020
1818.74499971698	5015.83349609375
1820.23688790791	5039.5
1821.72828692683	5023.33349609375
1823.21919697542	5030
1824.70961825528	5021
1826.19955096788	5026.33349609375
1827.68899531459	5036.33349609375
1829.17795149668	5024.5
1830.6664197153	5028.5
1832.1544001715	5027.16650390625
1833.64189306621	5014
1835.12889860028	5040.66650390625
1836.61541697441	5030.66650390625
1838.10144838922	5023.83349609375
1839.58699304523	5015.33349609375
1841.07205114283	5017
1842.55662288231	5004.5
1844.04070846385	5017.83349609375
1845.52430808754	5008.66650390625
1847.00742195334	5005.83349609375
1848.49005026111	5003.83349609375
1849.97219321061	5015.33349609375
1851.45385100149	5045.66650390625
1852.93502383328	5017
1854.41571190541	5004.66650390625
1855.89591541723	5016.66650390625
1857.37563456793	5008.16650390625
1858.85486955664	5018.66650390625
1860.33362058237	5012.5
1861.811887844	5020
1863.28967154034	5000.66650390625
1864.76697187007	5016.16650390625
1866.24378903176	5008.5
1867.7201232239	5009.66650390625
1869.19597464484	5015
1870.67134349286	5011.83349609375
1872.14622996609	5002
1873.6206342626	4992.5
1875.09455658032	5014
1876.56799711708	5004.66650390625
1878.04095607063	5011.5
1879.51343363858	5007.66650390625
1880.98543001845	5012.66650390625
1882.45694540766	5001.66650390625
1883.92798000351	4999
1885.3985340032	5019.16650390625
1886.86860760384	5000
1888.3382010024	5011.83349609375
1889.80731439579	5022.83349609375
1891.27594798077	5001.16650390625
1892.74410195403	4991
1894.21177651212	4997.66650390625
1895.67897185153	5008.33349609375
1897.14568816861	4999.83349609375
1898.61192565961	5015
1900.07768452068	5001.16650390625
1901.54296494788	4997.33349609375
1903.00776713713	4989.83349609375
1904.47209128429	5005.33349609375
1905.93593758507	4984
1907.39930623511	4995.66650390625
1908.86219742994	4998.33349609375
1910.32461136496	5001.5
1911.78654823549	5007.16650390625
1913.24800823675	4996.5
1914.70899156384	4991.33349609375
1916.16949841176	4996.16650390625
1917.62952897541	4984.83349609375
1919.08908344959	5013.33349609375
1920.54816202898	5004.16650390625
1922.00676490818	4986.16650390625
1923.46489228166	4985.33349609375
1924.9225443438	4984.33349609375
1926.37972128889	4992.66650390625
1927.83642331108	5003.33349609375
1929.29265060446	5010.83349609375
1930.74840336299	5004.83349609375
1932.20368178053	5000.83349609375
1933.65848605084	5009.33349609375
1935.11281636757	4984.5
1936.56667292428	4993.16650390625
1938.02005591442	4999.5
1939.47296553133	5019.33349609375
1940.92540196827	4990.66650390625
1942.37736541837	4993.33349609375
1943.82885607466	4995.83349609375
1945.2798741301	4991
1946.7304197775	4993.5
1948.1804932096	4977.66650390625
1949.63009461904	4990
1951.07922419833	4989.83349609375
1952.52788213989	4992
1953.97606863606	4985.5
1955.42378387906	4985.66650390625
1956.87102806099	4997.66650390625
1958.31780137387	4993.5
1959.76410400963	4965.83349609375
1961.20993616006	4981.5
1962.65529801688	4985
1964.1001897717	4984
1965.54461161602	4988.83349609375
1966.98856374125	4977.66650390625
1968.4320463387	4995.83349609375
1969.87505959955	4984.33349609375
1971.31760371492	4999
1972.75967887581	4974.33349609375
1974.20128527311	4983.66650390625
1975.64242309761	4986.66650390625
1977.08309254001	4984.66650390625
1978.52329379092	4993.33349609375
1979.96302704082	4974.16650390625
1981.4022924801	4972
1982.84109029905	4982.83349609375
1984.27942068787	4984
1985.71728383665	4970
1987.15467993537	4977.5
1988.59160917393	4967.5
1990.02807174211	4988.83349609375
1991.4640678296	4976.33349609375
1992.89959762599	4956.5
1994.33466132077	4970.5
1995.76925910332	4987
1997.20339116293	4982
1998.63705768878	4967.83349609375
2000.07025886997	4980.33349609375
2001.50299489548	4966.16650390625
2002.93526595419	4973.83349609375
2004.3670722349	4970.66650390625
2005.79841392628	4956.16650390625
2007.22929121694	4962.33349609375
2008.65970429535	4962
2010.08965334991	4974.5
2011.51913856889	4966.66650390625
2012.9481601405	4974.5
2014.37671825283	4975.16650390625
2015.80481309385	4978.66650390625
2017.23244485146	4953.33349609375
2018.65961371347	4977.16650390625
2020.08631986755	4971.83349609375
2021.5125635013	4966.66650390625
2022.93834480222	4972.83349609375
2024.36366395771	4958.33349609375
2025.78852115506	4948.66650390625
2027.21291658146	4958.66650390625
2028.63685042403	4965.66650390625
2030.06032286975	4948.66650390625
2031.48333410554	4962.33349609375
2032.9058843182	4967.5
2034.32797369442	4944.5
2035.74960242083	4960.16650390625
2037.17077068392	4960.5
2038.59147867012	4970.16650390625
2040.01172656573	4934.33349609375
