249.226376465439	5483
251.255291434129	5492.89990234375
253.283479928262	5482.60009765625
255.310942287526	5432.2001953125
257.337678851397	5460.2998046875
259.363689959135	5469.89990234375
261.388975949801	5470.60009765625
263.413537162237	5447.2001953125
265.437373935081	5480.2001953125
267.460486606758	5451.2001953125
269.482875515489	5450.10009765625
271.504540999281	5420.39990234375
273.525483395933	5427.7001953125
275.545703043038	5427.5
277.565200277979	5431
279.583975437928	5433.2001953125
281.602028859855	5461.2001953125
283.619360880516	5431.5
285.635971836463	5421.5
287.651862064039	5408.5
289.667031899379	5425.7998046875
291.681481678411	5411.5
293.695211736857	5415.7001953125
295.70822241023	5400.60009765625
297.720514033835	5424.39990234375
299.732086942777	5419.60009765625
301.742941471948	5422.7998046875
303.753077956034	5415.7001953125
305.762496729519	5396.2998046875
307.771198126676	5380.2998046875
309.779182481574	5398.5
311.78645012808	5409.60009765625
313.793001399848	5390.2998046875
315.798836630333	5373.7998046875
317.803956152782	5386.10009765625
319.808360300238	5410.10009765625
321.812049405537	5407.10009765625
323.815023801311	5395.2001953125
325.81728381999	5391.2001953125
327.818829793798	5368.89990234375
329.81966205475	5394.2998046875
331.819780934668	5415.7998046875
333.819186765156	5395.60009765625
335.817879877627	5361.7001953125
337.815860603282	5371.10009765625
339.813129273122	5389.60009765625
341.809686217941	5381.60009765625
343.805531768335	5397.7001953125
345.800666254697	5404.89990234375
347.795090007211	5393.7998046875
349.788803355862	5367.5
351.781806630436	5371.10009765625
353.774100160508	5352.89990234375
355.76568427546	5352.89990234375
357.756559304467	5362
359.746725576501	5375.7998046875
361.736183420334	5378.2001953125
363.724933164539	5370.10009765625
365.712975137483	5353.7998046875
367.700309667336	5364.7001953125
369.686937082059	5354.2001953125
371.672857709422	5380.2001953125
373.658071876989	5381.7001953125
375.642579912125	5364
377.626382141992	5380.60009765625
379.609478893552	5380.7001953125
381.591870493569	5379.7998046875
383.573557268604	5376.5
385.554539545027	5354.7001953125
387.534817648991	5356.2998046875
389.514391906465	5360.60009765625
391.493262643214	5356.89990234375
393.471430184802	5365.7001953125
395.448894856592	5362.2001953125
397.425656983753	5361.39990234375
399.401716891253	5340
401.37707490386	5372.39990234375
403.351731346145	5368
405.325686542482	5370.7998046875
407.298940817044	5574.39990234375
409.271494493805	5357.2001953125
411.243347896546	5363.7998046875
413.214501348845	5380.7001953125
415.184955174087	5341.7998046875
417.154709695455	5350.5
419.123765235939	5381.39990234375
421.092122118329	5366.39990234375
423.05978066522	5351.7998046875
425.026741199009	5348.2998046875
426.993004041892	5360.7001953125
428.958569515879	5342.2998046875
430.923437942771	5356.5
432.887609644186	5365.2001953125
434.851084941535	5376.5
436.813864156036	5356.7998046875
438.775947608716	5350.2001953125
440.7373356204	5352.7001953125
442.698028511724	5339.60009765625
444.658026603119	5341.10009765625
446.61733021483	5334.7998046875
448.575939666905	5343.39990234375
450.533855279194	5358.60009765625
452.491077371356	5351.5
454.447606262849	5348.89990234375
456.403442272946	5350
458.35858572072	5357.5
460.313036925047	5354.2998046875
462.266796204617	5344.7998046875
464.21986387792	5343.10009765625
466.172240263255	5357.10009765625
468.123925678725	5351.39990234375
470.074920442243	5348.10009765625
472.025224871527	5334.5
473.974839284099	5332.7998046875
475.923763997294	5343.39990234375
477.87199932825	5351.2001953125
479.819545593915	5342.39990234375
481.76640311104	5338.89990234375
483.712572196191	5336.89990234375
485.658053165733	5331.2998046875
487.602846335847	5336.39990234375
489.546952022517	5343.7998046875
491.490370541538	5351.39990234375
493.433102208508	5354
495.375147338843	5346.7001953125
497.316506247758	5336.5
499.257179250284	5347.7001953125
501.197166661258	5345.5
503.136468795326	5317.7998046875
505.075085966943	5331.89990234375
507.013018490373	5355.7001953125
508.950266679693	5370.89990234375
510.886830848786	5375.39990234375
512.822711311345	5362.7998046875
514.757908380876	5328.7001953125
516.692422370691	5351
518.626253593917	5355.5
520.559402363487	5345.7001953125
522.49186899215	5334.60009765625
524.423653792456	5340.60009765625
526.354757076776	5339.60009765625
528.285179157289	5338.7001953125
530.214920345983	5332.2998046875
532.143980954657	5361.39990234375
534.072361294926	5342.5
536.000061678212	5334.5
537.92708241575	5324.39990234375
539.853423818586	5324.60009765625
541.779086197582	5337.89990234375
543.704069863411	5338.2998046875
545.628375126551	5349.5
547.552002297301	5340.60009765625
549.474951685771	5339
551.39722360188	5333.89990234375
553.318818355364	5325.89990234375
555.23973625577	5331.7998046875
557.159977612459	5340.89990234375
559.079542734605	5335.5
560.998431931192	5324.60009765625
562.916645511026	5319.60009765625
564.834183782717	5336
566.751047054698	5321.89990234375
568.667235635207	5295.5
570.582749832304	5317
572.497589953858	5323.89990234375
574.411756307556	5337.89990234375
576.325249200898	5315
578.238068941197	5319.89990234375
580.150215835582	5325.5
582.061690191	5334.39990234375
583.97249231421	5318.2001953125
585.882622511787	5329.7998046875
587.79208109012	5329.89990234375
589.700868355418	5331.39990234375
591.6089846137	5331.7998046875
593.516430170805	5311.5
595.423205332386	5309.60009765625
597.329310403915	5331.39990234375
599.234745690673	5322.2001953125
601.139511497768	5294.2001953125
603.043608130115	5308.89990234375
604.94703589245	5314.5
606.849795089326	5331.2998046875
608.751886025115	5330.7998046875
610.653309003999	5329.10009765625
612.554064329986	5311.2001953125
614.454152306895	5320.2998046875
616.353573238364	5328.89990234375
618.252327427851	5310
620.150415178629	5332.7001953125
622.047836793792	5306.2998046875
623.944592576246	5329.2001953125
625.840682828724	5320
627.736107853771	5307.7998046875
629.630867953751	5309.7001953125
631.524963430848	5315.89990234375
633.418394587069	5300.7998046875
635.311161724229	5304.2998046875
637.203265143972	5286.2001953125
639.094705147759	5309.7001953125
640.985482036865	5313.5
642.875596112393	5319.2998046875
644.765047675256	5313.7998046875
646.653837026198	5301.7001953125
648.54196446577	5322.89990234375
650.429430294357	5301.39990234375
652.316234812151	5294.7001953125
654.20237831917	5294
656.087861115257	5317.7001953125
657.972683500069	5292.7998046875
659.856845773083	5303.7998046875
661.740348233603	5287.5
663.623191180748	5310.5
665.505374913464	5309.2001953125
667.386899730511	5313.10009765625
669.267765930476	5318.39990234375
671.147973811765	5317.7998046875
673.027523672606	5313.10009765625
674.906415811048	5305.2001953125
676.784650524968	5298.7998046875
678.662228112053	5292.5
680.539148869825	5322.10009765625
682.415413095618	5292.7001953125
684.291021086596	5300.2998046875
686.165973139738	5296.89990234375
688.040269551856	5301.5
689.913910619573	5301.2001953125
691.786896639347	5303.10009765625
693.659227907448	5316.2998046875
695.530904719977	5326.2998046875
697.401927372853	5305
699.272296161824	5307.39990234375
701.142011382457	5316.10009765625
703.011073330145	5307.2001953125
704.879482300105	5324.60009765625
706.747238587377	5292.60009765625
708.614342486824	5298.2998046875
710.480794293136	5313.60009765625
712.346594300827	5325.10009765625
714.211742804234	5309.10009765625
716.076240097521	5319.2998046875
717.940086474675	5328
719.803282229506	5310.10009765625
721.665827655654	5307.7001953125
723.527723046582	5308.89990234375
725.388968695576	5307.7998046875
727.24956489575	5328.7001953125
729.109511940044	5317.7998046875
730.968810121221	5325.10009765625
732.827459731874	5309.39990234375
734.68546106442	5304
736.542814411101	5309.7001953125
738.399520063986	5303.7998046875
740.255578314969	5305.7998046875
742.110989455775	5295.10009765625
743.965753777951	5289.5
745.819871572874	5304.7998046875
747.673343131745	5301.89990234375
749.526168745595	5305.60009765625
751.378348705278	5306.89990234375
753.229883301482	5315.5
755.080772824716	5308.60009765625
756.931017565318	5302.5
758.780617813459	5272.5
760.62957385913	5304.7998046875
762.477885992152	5307.7001953125
764.325554502181	5303.7998046875
766.172579678692	5297.5
768.018961810993	5295.10009765625
769.864701188221	5297.89990234375
771.709798099338	5287.39990234375
773.554252833137	5276.39990234375
775.398065678243	5287.2001953125
777.241236923105	5306.2001953125
779.083766856003	5310
780.925655765045	5301.89990234375
782.766903938171	5281.89990234375
784.60751166315	5303
786.447479227576	5291.39990234375
788.286806918882	5282.2001953125
790.125495024322	5287.5
791.963543830983	5305.39990234375
793.800953625785	5302
795.637724695472	5284.10009765625
797.473857326626	5298.7998046875
799.309351805655	5302.7998046875
801.144208418796	5297.2998046875
802.97842745212	5279.5
804.81200919153	5298
806.644953922757	5283.5
808.477261931365	5282.5
810.308933502746	5298.5
812.139968922127	5310
813.970368474566	5312.39990234375
815.800132444953	5314
817.629261118008	5295.10009765625
819.457754778284	5296
821.285613710164	5317.7998046875
823.112838197864	5292.89990234375
824.93942852544	5304.7001953125
826.765384976767	5284.39990234375
828.590707835561	5306.2998046875
830.415397385372	5320.10009765625
832.239453909575	5301.7998046875
834.062877691384	5310.7001953125
835.885669013845	5306.5
837.707828159839	5299
839.529355412075	5320.2001953125
841.350251053099	5311.7998046875
843.170515365289	5315.2001953125
844.990148630862	5301.89990234375
846.809151131859	5303.7998046875
848.627523150164	5300.2001953125
850.445264967489	5315.2001953125
852.262376865384	5296.39990234375
854.07885912523	5308
855.894712028248	5307.7998046875
857.709935855485	5335.10009765625
859.52453088783	5292.60009765625
861.338497406004	5308.7998046875
863.151835690562	5304.2001953125
864.964546021896	5300
866.77662868023	5299.7998046875
868.588083945628	5306.5
870.398912097985	5298.10009765625
872.209113417035	5299.60009765625
874.018688182344	5292.39990234375
875.827636673318	5315.2998046875
877.635959169195	5299.89990234375
879.443655949049	5291.7001953125
881.250727291795	5315.7001953125
883.057173476178	5317.39990234375
884.862994780783	5316.2001953125
886.66819148403	5313.89990234375
888.47276386418	5293.2001953125
890.276712199322	5293.7001953125
892.080036767389	5314.10009765625
893.882737846151	5312.7998046875
895.68481571321	5312.39990234375
897.486270646008	5304.89990234375
899.287102921825	5315.89990234375
901.087312817779	5301.89990234375
902.886900610824	5312.60009765625
904.685866577753	5316.39990234375
906.484210995193	5296.7998046875
908.281934139615	5288.10009765625
910.079036287323	5274.89990234375
911.875517714461	5293.39990234375
913.671378697012	5315.2001953125
915.466619510798	5303.5
917.261240431478	5321
919.055241734548	5300.7998046875
920.848623695347	5298.7001953125
922.641386589048	5301.10009765625
924.433530690667	5303.60009765625
926.225056275059	5296.39990234375
928.015963616916	5306.7998046875
929.806252990769	5311.89990234375
931.595924670993	5319.7001953125
933.384978931796	5327.10009765625
935.173416047233	5306.89990234375
936.96123629119	5311.5
938.748439937402	5313.2001953125
940.535027259439	5312.10009765625
942.320998530712	5308.7001953125
944.106354024474	5322.2001953125
945.891094013813	5324.89990234375
947.675218771665	5300.2001953125
949.458728570802	5321
951.241623683839	5322.7001953125
953.023904383229	5309
954.80557094127	5313.7998046875
956.586623630098	5318.2001953125
958.367062721691	5326
960.146888487868	5312.2001953125
961.926101200294	5327.7001953125
963.704701130465	5321.89990234375
965.482688549732	5324.2001953125
967.260063729278	5293.10009765625
969.036826940132	5308.7998046875
970.812978453163	5342.5
972.588518539084	5322.60009765625
974.363447468452	5303.10009765625
976.137765511662	5300.7001953125
977.911472938956	5309.2998046875
979.684570020414	5313.10009765625
981.457057025962	5291.39990234375
983.228934225367	5316.7001953125
985.000201888244	5310
986.770860284042	5295.2001953125
988.540909682061	5274.5
990.310350351443	5303.2001953125
992.07918256117	5320.7001953125
993.847406580071	5282.7998046875
995.615022676816	5297.39990234375
997.382031119922	5310.5
999.148432177747	5305.7998046875
1000.9142261185	5316.2001953125
1002.67941321022	5334.60009765625
1004.4439937208	5326.60009765625
1006.20796791798	5336.2998046875
1007.97133606934	5339.60009765625
1009.7340984423	5317.2001953125
1011.49625530413	5313.60009765625
1013.25780692196	5309
1015.01875356273	5304.89990234375
1016.77909549325	5299.7998046875
1018.53883298018	5301.10009765625
1020.29796629001	5289.39990234375
1022.05649568907	5290.39990234375
1023.81442144356	5283.10009765625
1025.57174381951	5281.7001953125
1027.32846308279	5301.39990234375
1029.08457949912	5292.7001953125
1030.84009333409	5304.2998046875
1032.59500485309	5294
1034.34931432141	5297.7001953125
1036.10302200413	5292.10009765625
1037.85612816622	5315.7998046875
1039.60863307247	5305.2001953125
1041.36053698754	5293.2998046875
1043.11184017592	5302.5
1044.86254290195	5313.60009765625
1046.61264542982	5296.2998046875
1048.36214802356	5291.2001953125
1050.11105094706	5307.10009765625
1051.85935446405	5287.2998046875
1053.6070588381	5293.7001953125
1055.35416433263	5297.10009765625
1057.10067121093	5298.39990234375
1058.84657973611	5311.39990234375
1060.59189017113	5300.39990234375
1062.33660277883	5282.2998046875
1064.08071782185	5290.5
1065.82423556271	5300.39990234375
1067.56715626378	5317.2998046875
1069.30948018725	5330.10009765625
1071.0512075952	5323.7998046875
1072.79233874952	5298.60009765625
1074.53287391198	5280.10009765625
1076.27281334417	5287.39990234375
1078.01215730754	5302.2998046875
1079.75090606341	5306.60009765625
1081.48905987292	5311.5
1083.22661899707	5298.2998046875
1084.96358369671	5291.89990234375
1086.69995423255	5329.2001953125
1088.43573086513	5294.7001953125
1090.17091385484	5306.2998046875
1091.90550346195	5290.2998046875
1093.63949994655	5309.89990234375
1095.37290356858	5297.60009765625
1097.10571458784	5320.60009765625
1098.837933264	5313.7998046875
1100.56955985654	5312
1102.30059462481	5313.39990234375
1104.03103782803	5296.2001953125
1105.76088972523	5286.2998046875
1107.49015057532	5284.60009765625
1109.21882063706	5313.2998046875
1110.94690016905	5293.5
1112.67438942974	5301.7001953125
1114.40128867745	5288.7001953125
1116.12759817033	5292.10009765625
1117.85331816639	5289.2998046875
1119.5784489235	5277.2001953125
1121.30299069936	5264.7001953125
1123.02694375155	5298
1124.75030833747	5309.10009765625
1126.4730847144	5304.2001953125
1128.19527313946	5304.5
1129.91687386962	5298.2998046875
1131.63788716172	5295.5
1133.35831327242	5303.89990234375
1135.07815245826	5292.2998046875
1136.79740497562	5276.2998046875
1138.51607108075	5283.10009765625
1140.23415102972	5283.60009765625
1141.95164507848	5277.39990234375
1143.66855348283	5279.89990234375
1145.38487649841	5271.39990234375
1147.10061438073	5260.89990234375
1148.81576738515	5269.2998046875
1150.53033576686	5245
1152.24431978094	5263.89990234375
1153.9577196823	5299.2998046875
1155.67053572572	5294.7998046875
1157.38276816581	5293.10009765625
1159.09441725705	5291.39990234375
1160.80548325378	5282.89990234375
1162.51596641019	5291.5
1164.22586698031	5287.89990234375
1165.93518521803	5265.39990234375
1167.64392137713	5286.5
1169.35207571118	5281.7998046875
1171.05964847366	5271.2001953125
1172.76663991789	5289.5
1174.47305029702	5296.10009765625
1176.17887986409	5286.39990234375
1177.88412887197	5303.7998046875
1179.58879757341	5288.7998046875
1181.29288622099	5271
1182.99639506715	5275.2998046875
1184.69932436421	5284.89990234375
1186.40167436431	5297
1188.10344531948	5276.7001953125
1189.80463748158	5304.10009765625
1191.50525110234	5289.5
1193.20528643333	5271.60009765625
1194.90474372601	5278.39990234375
1196.60362323166	5281.2001953125
1198.30192520143	5278
1199.99964988633	5275.60009765625
1201.69679753723	5271.89990234375
1203.39336840484	5284.2001953125
1205.08936273975	5285.60009765625
1206.78478079239	5294.5
1208.47962281306	5288.5
1210.17388905189	5282
1211.86757975891	5287.39990234375
1213.56069518396	5294.89990234375
1215.25323557678	5289.2998046875
1216.94520118695	5281.60009765625
1218.63659226389	5282.2001953125
1220.32740905692	5281.7001953125
1222.01765181516	5295.60009765625
1223.70732078765	5313.2998046875
1225.39641622325	5272.60009765625
1227.08493837068	5281.2001953125
1228.77288747853	5310.7998046875
1230.46026379525	5294.2001953125
1232.14706756913	5289.7998046875
1233.83329904834	5296.10009765625
1235.51895848091	5301.5
1237.20404611469	5286.2001953125
1238.88856219745	5299.89990234375
1240.57250697676	5296
1242.25588070009	5308
1243.93868361476	5307.7001953125
1245.62091596793	5316.10009765625
1247.30257800664	5324.60009765625
1248.98366997779	5330.60009765625
1250.66419212812	5313.5
1252.34414470426	5347.89990234375
1254.02352795267	5328
1255.70234211968	5330.60009765625
1257.3805874515	5313.5
1259.05826419417	5322.7998046875
1260.7353725936	5339.5
1262.41191289557	5339.39990234375
1264.08788534572	5322.2001953125
1265.76329018953	5342.2998046875
1267.43812767237	5322.2001953125
1269.11239803945	5349.7001953125
1270.78610153585	5357.60009765625
1272.4592384065	5338.2001953125
1274.1318088962	5351.60009765625
1275.80381324962	5330.10009765625
1277.47525171127	5319
1279.14612452554	5335.7001953125
1280.81643193667	5334.7998046875
1282.48617418878	5328.2998046875
1284.15535152582	5307.2998046875
1285.82396419162	5321.7001953125
1287.49201242988	5318.89990234375
1289.15949648415	5315
1290.82641659785	5304.5
1292.49277301425	5338
1294.15856597649	5326.5
1295.82379572757	5344.89990234375
1297.48846251036	5352.39990234375
1299.15256656759	5358.2001953125
1300.81610814185	5328.7998046875
1302.47908747558	5328
1304.1415048111	5349
1305.8033603906	5368.2998046875
1307.4646544561	5340.5
1309.12538724953	5336.39990234375
1310.78555901264	5354.7998046875
1312.44516998706	5335.7998046875
1314.10422041429	5324.39990234375
1315.7627105357	5346
1317.42064059249	5362.60009765625
1319.07801082575	5324.2998046875
1320.73482147645	5323.60009765625
1322.39107278537	5328.89990234375
1324.04676499321	5330
1325.70189834051	5338.7001953125
1327.35647306767	5329.7998046875
1329.01048941496	5320.5
1330.66394762251	5344.60009765625
1332.31684793033	5328.5
1333.96919057828	5331.39990234375
1335.62097580608	5336.39990234375
1337.27220385333	5324
1338.92287495948	5318.2001953125
1340.57298936386	5328.39990234375
1342.22254730566	5318.2998046875
1343.87154902393	5317.60009765625
1345.51999475759	5328.10009765625
1347.16788474541	5331.2001953125
1348.81521922606	5322.7998046875
1350.46199843804	5311.89990234375
1352.10822261974	5322.2998046875
1353.7538920094	5327.5
1355.39900684514	5299.7998046875
1357.04356736493	5289.10009765625
1358.68757380661	5296.60009765625
1360.3310264079	5295.7998046875
1361.97392540637	5288.10009765625
1363.61627103946	5291.2001953125
1365.25806354449	5294.2998046875
1366.89930315864	5285.2998046875
1368.53999011893	5303.5
1370.18012466228	5288.10009765625
1371.81970702547	5288.5
1373.45873744515	5285
1375.09721615781	5281.60009765625
1376.73514339984	5297.10009765625
1378.37251940748	5289
1380.00934441684	5284.5
1381.6456186639	5280.60009765625
1383.28134238451	5271.2001953125
1384.91651581439	5265.5
1386.5511391891	5275.7998046875
1388.18521274411	5257.89990234375
1389.81873671472	5279.2998046875
1391.45171133613	5278.5
1393.08413684339	5283.7001953125
1394.71601347141	5279.2998046875
1396.34734145499	5292.7001953125
1397.97812102879	5267.39990234375
1399.60835242732	5269.7001953125
1401.238035885	5277.39990234375
1402.86717163607	5286.2001953125
1404.49575991467	5268.2998046875
1406.12380095481	5259.7001953125
1407.75129499035	5261.2998046875
1409.37824225503	5275.89990234375
1411.00464298245	5273.39990234375
1412.6304974061	5279.7001953125
1414.25580575932	5290.2998046875
1415.88056827533	5284.7998046875
1417.50478518721	5287.89990234375
1419.12845672792	5286.7998046875
1420.75158313027	5281.2998046875
1422.37416462697	5298.10009765625
1423.99620145057	5288.7998046875
1425.61769383351	5283.7998046875
1427.2386420081	5287.10009765625
1428.85904620651	5303.7998046875
1430.47890666077	5292.89990234375
1432.09822360282	5319.7998046875
1433.71699726442	5311
1435.33522787723	5334.2001953125
1436.95291567279	5351.60009765625
1438.57006088247	5360.39990234375
1440.18666373757	5353.2001953125
1441.8027244692	5394.7001953125
1443.41824330838	5409.7001953125
1445.03322048599	5393.39990234375
1446.64765623277	5381.5
1448.26155077936	5376.10009765625
1449.87490435623	5381.89990234375
1451.48771719377	5387.39990234375
1453.0999895222	5403.60009765625
1454.71172157163	5379.7998046875
1456.32291357204	5383.7998046875
1457.93356575328	5379.5
1459.54367834507	5367.7001953125
1461.15325157701	5364.7998046875
1462.76228567856	5341.2001953125
1464.37078087907	5335
1465.97873740774	5317.2998046875
1467.58615549365	5342.10009765625
1469.19303536577	5320.10009765625
1470.79937725292	5331.2001953125
1472.40518138379	5294.89990234375
1474.01044798697	5320.10009765625
1475.6151772909	5310.2998046875
1477.21936952389	5289.2998046875
1478.82302491415	5287.60009765625
1480.42614368972	5281.10009765625
1482.02872607856	5272.39990234375
1483.63077230847	5258.39990234375
1485.23228260714	5263.89990234375
1486.83325720212	5274.39990234375
1488.43369632084	5255.10009765625
1490.03360019061	5244
1491.63296903861	5260.2001953125
1493.23180309188	5258.89990234375
1494.83010257736	5232.5
1496.42786772184	5203.7001953125
1498.02509875199	5228.7001953125
1499.62179589437	5236
1501.2179593754	5257.7001953125
1502.81358942136	5232.5
1504.40868625844	5220.89990234375
1506.00325011266	5224.60009765625
1507.59728120997	5222.7001953125
1509.19077977614	5230
1510.78374603685	5243.39990234375
1512.37618021764	5225.5
1513.96808254392	5250.60009765625
1515.55945324099	5216
1517.15029253403	5228.7001953125
1518.74060064806	5234.89990234375
1520.33037780801	5240.10009765625
1521.91962423868	5231
1523.50834016473	5244.2998046875
1525.0965258107	5236.2998046875
1526.68418140102	5226.7001953125
1528.27130715998	5214.5
1529.85790331175	5234.39990234375
1531.44397008039	5233.7998046875
1533.02950768981	5226.10009765625
1534.61451636381	5225.5
1536.19899632606	5219.2001953125
1537.78294780013	5228.60009765625
1539.36637100944	5215.39990234375
1540.94926617728	5221.5
1542.53163352684	5215.10009765625
1544.11347328119	5214.5
1545.69478566324	5216
1547.27557089582	5230
1548.8558292016	5216
1550.43556080316	5209.7001953125
1552.01476592293	5205.2001953125
1553.59344478324	5210.39990234375
1555.17159760626	5198.89990234375
1556.74922461409	5222.2998046875
1558.32632602866	5228.10009765625
1559.90290207181	5215.39990234375
1561.47895296524	5207.39990234375
1563.05447893053	5199
1564.62948018914	5211.2998046875
1566.20395696241	5206.7998046875
1567.77790947155	5219
1569.35133793765	5214.7001953125
1570.9242425817	5223.2001953125
1572.49662362452	5206.2001953125
1574.06848128686	5198.39990234375
1575.63981578932	5207.5
1577.21062735238	5219.10009765625
1578.78091619641	5219.5
1580.35068254164	5215.5
1581.91992660819	5238
1583.48864861606	5213.7998046875
1585.05684878514	5224
1586.62452733516	5212.60009765625
1588.19168448578	5205.60009765625
1589.75832045649	5227.5
1591.3244354667	5212.60009765625
1592.89002973568	5216.89990234375
1594.45510348257	5215.60009765625
1596.01965692641	5238.89990234375
1597.5836902861	5202.60009765625
1599.14720378044	5208.2998046875
1600.7101976281	5209.89990234375
1602.27267204761	5215.39990234375
1603.83462725742	5213.2998046875
1605.39606347583	5230.89990234375
1606.95698092102	5215
1608.51737981107	5214
1610.07726036392	5230.10009765625
1611.6366227974	5218.39990234375
1613.19546732922	5192.60009765625
1614.75379417697	5204
1616.31160355811	5205
1617.86889569001	5219.7001953125
1619.42567078988	5212
1620.98192907484	5209.7001953125
1622.53767076188	5228.39990234375
1624.09289606787	5227.5
1625.64760520957	5223.89990234375
1627.20179840361	5233.2001953125
1628.75547586651	5216.7998046875
1630.30863781466	5224.89990234375
1631.86128446434	5221.5
1633.41341603172	5204.10009765625
1634.96503273283	5227
1636.51613478359	5209.60009765625
1638.06672239981	5215
1639.61679579718	5226.60009765625
1641.16635519125	5221.10009765625
1642.71540079749	5213.7998046875
1644.26393283122	5204.7001953125
1645.81195150766	5204.7001953125
1647.3594570419	5221.89990234375
1648.90644964891	5238.39990234375
1650.45292954356	5235
1651.9988969406	5236.5
1653.54435205463	5249.39990234375
1655.08929510018	5262.5
1656.63372629163	5236.5
1658.17764584325	5245
1659.7210539692	5267.39990234375
1661.26395088352	5290
1662.80633680011	5269.39990234375
1664.34821193281	5266.60009765625
1665.88957649527	5270.7998046875
1667.43043070108	5251.89990234375
1668.97077476369	5242.10009765625
1670.51060889643	5258.2001953125
1672.04993331253	5248
1673.58874822509	5255.39990234375
1675.12705384709	5248.60009765625
1676.6648503914	5245.7001953125
1678.20213807079	5215
1679.73891709788	5230.2001953125
1681.2751876852	5218.7998046875
1682.81095004515	5219.10009765625
1684.34620439002	5204
1685.880950932	5198.89990234375
1687.41518988313	5193.89990234375
1688.94892145535	5206
1690.4821458605	5211.5
1692.01486331029	5225.2998046875
1693.5470740163	5172.39990234375
1695.07877819003	5183.39990234375
1696.60997604283	5181.2998046875
1698.14066778595	5180.89990234375
1699.67085363054	5170.60009765625
1701.2005337876	5161
1702.72970846805	5157.39990234375
1704.25837788267	5170.2998046875
1705.78654224214	5167.39990234375
1707.31420175701	5164.2998046875
1708.84135663773	5168.7998046875
1710.36800709463	5154.89990234375
1711.89415333794	5161.89990234375
1713.41979557774	5164.10009765625
1714.94493402403	5159.5
1716.46956888667	5152.7998046875
1717.99370037543	5158
1719.51732869996	5164.7998046875
1721.04045406978	5162.89990234375
1722.5630766943	5155.2001953125
1724.08519678284	5168.2998046875
1725.60681454457	5154
1727.12793018858	5159.89990234375
1728.64854392383	5146
1730.16865595915	5144.7998046875
1731.6882665033	5155.2998046875
1733.20737576488	5143.2001953125
1734.72598395241	5152.60009765625
1736.24409127428	5156.10009765625
1737.76169793876	5141.39990234375
1739.27880415403	5153.39990234375
1740.79541012815	5146.7998046875
1742.31151606905	5130.10009765625
1743.82712218456	5156
1745.3422286824	5149.60009765625
1746.85683577018	5142.39990234375
1748.37094365537	5144.5
1749.88455254537	5127.10009765625
1751.39766264743	5143.2998046875
1752.91027416871	5133.2001953125
1754.42238731626	5139.89990234375
1755.93400229698	5119
1757.44511931772	5135.89990234375
1758.95573858516	5134.2001953125
1760.46586030591	5148.10009765625
1761.97548468644	5147.7998046875
1763.48461193311	5132.60009765625
1764.9932422522	5113.2998046875
1766.50137584983	5130.60009765625
1768.00901293205	5109.2001953125
1769.51615370477	5157.5
1771.02279837381	5136.2998046875
1772.52894714487	5118.7998046875
1774.03460022352	5123
1775.53975781526	5126.7998046875
1777.04442012543	5114.5
1778.54858735931	5121.7001953125
1780.05225972202	5105.89990234375
1781.5554374186	5113.7001953125
1783.05812065398	5124.89990234375
1784.56030963296	5126.10009765625
1786.06200456023	5129.60009765625
1787.5632056404	5110.60009765625
1789.06391307794	5102.7998046875
1790.56412707721	5134.5
1792.06384784247	5130.2998046875
1793.56307557788	5128.2001953125
1795.06181048745	5119.7001953125
1796.56005277513	5105.5
1798.05780264473	5122.5
1799.55506029996	5126.89990234375
1801.0518259444	5125.7998046875
1802.54809978155	5113.89990234375
1804.04388201478	5121.5
1805.53917284737	5090.60009765625
1807.03397248246	5119
1808.5282811231	5113.7998046875
1810.02209897224	5120.39990234375
1811.51542623269	5097
1813.00826310719	5117.2001953125
1814.50060979833	5113
1815.99246650863	5134.2998046875
1817.48383344046	5108.7998046875
1818.97471079612	5110.7001953125
1820.46509877777	5096.89990234375
1821.95499758749	5104.7001953125
1823.44440742722	5115.2001953125
1824.93332849881	5107.7001953125
1826.421761004	5106.7001953125
1827.90970514443	5106.39990234375
1829.3971611216	5106
1830.88412913694	5100.2001953125
1832.37060939175	5091
1833.85660208722	5103.89990234375
1835.34210742443	5104.7001953125
1836.82712560438	5107
1838.31165682793	5089.5
1839.79570129584	5103.2001953125
1841.27925920877	5116.5
1842.76233076726	5102.39990234375
1844.24491617176	5096
1845.7270156226	5110.5
1847.20862931999	5119.2001953125
1848.68975746406	5117.7998046875
1850.17040025482	5100.89990234375
1851.65055789216	5117.39990234375
1853.13023057588	5097.39990234375
1854.60941850567	5093
1856.08812188111	5103.39990234375
1857.56634090166	5092.2001953125
1859.0440757667	5106.10009765625
1860.52132667548	5101.89990234375
1861.99809382715	5085.7001953125
1863.47437742077	5099.7001953125
1864.95017765525	5088.5
1866.42549472944	5110.89990234375
1867.90032884206	5098.5
1869.37468019173	5088.89990234375
1870.84854897696	5091.10009765625
1872.32193539615	5084.5
1873.7948396476	5081.2001953125
1875.26726192951	5094.2998046875
1876.73920243995	5078
1878.21066137692	5097.89990234375
1879.68163893828	5088.7998046875
1881.15213532179	5088
1882.62215072513	5073
1884.09168534585	5086.7998046875
1885.56073938139	5078.60009765625
1887.02931302911	5077.10009765625
1888.49740648624	5085.60009765625
1889.96501994991	5091.60009765625
1891.43215361715	5090.60009765625
1892.89880768489	5084.2001953125
1894.36498234994	5084.10009765625
1895.83067780901	5082.2998046875
1897.29589425871	5074.2001953125
1898.76063189554	5088.7998046875
1900.22489091589	5076.2998046875
1901.68867151607	5076.10009765625
1903.15197389224	5090.10009765625
1904.6147982405	5083.89990234375
1906.07714475682	5075.7001953125
1907.53901363708	5065.7998046875
1909.00040507704	5069.2998046875
1910.46131927236	5065.5
1911.9217564186	5079.5
1913.38171671121	5069.60009765625
1914.84120034556	5071.39990234375
1916.30020751687	5060.7998046875
1917.75873842029	5060.60009765625
1919.21679325086	5075.2001953125
1920.67437220351	5075.5
1922.13147547307	5075
1923.58810325427	5075.89990234375
1925.04425574172	5077.5
1926.49993312994	5081.5
1927.95513561335	5084.7001953125
1929.40986338625	5050.10009765625
1930.86411664285	5072.60009765625
1932.31789557726	5059.60009765625
1933.77120038347	5058
1935.22403125538	5057.5
1936.67638838679	5052.60009765625
1938.12827197137	5058.2998046875
1939.57968220272	5057.2998046875
1941.03061927433	5059.5
1942.48108337956	5049.10009765625
1943.9310747117	5055.10009765625
1945.38059346392	5055.7001953125
1946.8296398293	5062.2001953125
1948.27821400079	5053.89990234375
1949.72631617128	5050.2001953125
1951.17394653352	5053.89990234375
1952.62110528017	5062.2998046875
1954.06779260379	5048.89990234375
1955.51400869684	5058.5
1956.95975375166	5073.89990234375
1958.40502796052	5056.60009765625
1959.84983151556	5059.89990234375
1961.29416460883	5048.5
1962.73802743227	5042
1964.18142017773	5052.39990234375
1965.62434303695	5052.60009765625
1967.06679620156	5043.7001953125
1968.50877986311	5051.2998046875
1969.95029421303	5034.60009765625
1971.39133944265	5047.39990234375
1972.83191574321	5045.5
1974.27202330584	5050.7998046875
1975.71166232157	5039.5
1977.15083298132	5034.39990234375
1978.58953547592	5048.7998046875
1980.02776999611	5042.60009765625
1981.4655367325	5040
1982.90283587561	5049.7998046875
1984.33966761588	5034.7001953125
1985.77603214362	5031.89990234375
1987.21192964905	5036
1988.64736032229	5030.7998046875
1990.08232435336	5035.2001953125
1991.51682193218	5023.2998046875
1992.95085324857	5037.89990234375
1994.38441849225	5024.39990234375
1995.81751785282	5041.2998046875
1997.25015151982	5017.2001953125
