7.767820720892717645e+02 -1.010413941709536467e-01
7.786253646614931085e+02 -1.712139807083677134e-01
7.804680163580744647e+02 -1.893531382687144160e-01
7.823100274666711584e+02 -1.866706324778442116e-01
7.841513982747665068e+02 -1.525079761626940422e-01
7.859921290696747747e+02 -1.424689671264439128e-01
7.878322201385398103e+02 -9.570175828907107052e-02
7.896716717683360685e+02 -1.696901394391642781e-01
7.915104842458670191e+02 -5.352468759572392987e-02
7.933486578577661703e+02 -4.249025258746652600e-02
7.951861928905010473e+02 -3.688545739177501170e-02
7.970230896303675081e+02 -3.206808529386706574e-03
7.988593483634896302e+02 -5.079761658439596594e-02
8.006949693758297144e+02 -1.224622254140126376e-01
8.025299529531704366e+02 -9.317865488064280832e-02
8.043642993811364477e+02 -2.304520394261067029e-02
8.061980089451780032e+02 2.284804400389250922e-03
8.080310819305765335e+02 1.059593839759120915e-03
8.098635186224465770e+02 -1.473990683941522883e-02
8.116953193057341878e+02 -5.114174421704811846e-02
8.135264842652155721e+02 -4.507781562942292375e-03
8.153570137855037956e+02 -9.427925006423176768e-02
8.171869081510370734e+02 -7.319525498111345563e-02
8.190161676460904800e+02 -1.408366000498957882e-01
8.208447925547710611e+02 -2.637025699673500867e-03
8.226727831610168096e+02 -9.698327013534346897e-03
8.245001397485987127e+02 -6.072754039578859286e-02
8.263268626011187052e+02 -6.741584702442154908e-02
8.281529520020174004e+02 5.133657042430356254e-02
8.299784082345619254e+02 -4.492788563833766124e-02
8.318032315818536517e+02 -1.472596723069152791e-02
8.336274223268297874e+02 4.837179787344647597e-02
8.354509807522618985e+02 2.766763007842959476e-02
8.372739071407489746e+02 -1.820791455208320420e-02
8.390962017747285699e+02 -2.829835695129612194e-02
8.409178649364694138e+02 3.904885754399031739e-02
8.427388969080760717e+02 -3.999507807038693574e-02
8.445592979714866715e+02 -5.285038193521485184e-02
8.463790684084714258e+02 -2.258709224704449903e-02
8.481982085006366106e+02 -1.405947742411451373e-01
8.500167185294233150e+02 -1.655214062792095264e-01
8.518345987761034621e+02 -8.841243100228673990e-02
8.536518495217862892e+02 -2.222047394223848338e-01
8.554684710474194844e+02 -3.377600394776417159e-02
8.572844636337765678e+02 -1.039627930104673748e-01
8.590998275614741715e+02 -2.906732493512181881e-02
8.609145631109611259e+02 1.798734913441296657e-02
8.627286705625173227e+02 -6.601671861851488021e-02
8.645421501962645152e+02 -4.389341931371160133e-02
8.663550022921548361e+02 -5.808024825711738393e-02
8.681672271299812564e+02 -9.210102341692436023e-02
8.699788249893665579e+02 -5.950141796466479338e-02
8.717897961497727692e+02 -4.590433162601864625e-02
8.736001408904959362e+02 -1.112947954536740447e-01
8.754098594906728295e+02 2.254524394918780428e-02
8.772189522292692345e+02 -7.377897889973145107e-02
8.790274193850902975e+02 -2.088263796840422737e-02
8.808352612367798429e+02 5.926322443406545348e-03
8.826424780628148028e+02 -5.682089315752822389e-02
8.844490701415112426e+02 -9.392090549889076101e-02
8.862550377510217459e+02 -4.586983297216284949e-02
8.880603811693324587e+02 -8.738333677090132090e-02
8.898651006742701384e+02 -1.066407669680071724e-01
8.916691965434981739e+02 -6.378406898522193114e-02
8.934726690545168140e+02 -5.566244538783343687e-02
8.952755184846618022e+02 -3.993914368444179130e-02
8.970777451111071059e+02 -4.880134294454663291e-02
8.988793492108685541e+02 -1.048939105885942080e-01
9.006803310607940602e+02 -1.013966349796261157e-01
9.024806909375710120e+02 -7.713568998361552964e-02
9.042804291177255891e+02 -6.388666635742795696e-02
9.060795458776231044e+02 -4.888154365899344267e-03
9.078780414934642522e+02 2.918127310872026259e-02
9.096759162412888600e+02 -9.476196022574140398e-02
9.114731703969782757e+02 -8.170820535142148122e-02
9.132698042362482056e+02 -2.971671312024815048e-02
9.150658180346533754e+02 -3.382072306203243173e-03
9.168612120675905999e+02 3.220722490042352004e-02
9.186559866102946899e+02 -1.396316582703716058e-02
9.204501419378351557e+02 -5.413729819186069436e-02
9.222436783251250745e+02 2.857088198884699670e-02
9.240365960469183619e+02 -1.165098655921359416e-02
9.258288953778030645e+02 -8.128745495208344884e-02
9.276205765922097726e+02 3.119235774768469582e-02
9.294116399644061630e+02 -6.053932299491887603e-02
9.312020857685058672e+02 -4.535219311231619699e-02
9.329919142784555106e+02 -2.701264449549456437e-02
9.347811257680453991e+02 -1.077133773697435681e-01
9.365697205109039487e+02 -2.951654410956322527e-02
9.383576987805014369e+02 -4.583314183123449181e-02
9.401450608501475017e+02 1.419403192804907787e-02
9.419318069929919375e+02 -3.849824124043221829e-02
9.437179374820269686e+02 -1.048049172700236120e-01
9.455034525900844073e+02 -6.661221289866892104e-02
9.472883525898356538e+02 -4.780599384914951955e-02
9.490726377537954477e+02 -1.050996542522800448e-01
9.508563083543160701e+02 -1.812600726920976513e-01
9.526393646635942787e+02 -2.251488276266772059e-02
9.544218069536669873e+02 -1.409481153034217171e-01
9.562036354964126303e+02 -1.060665566206793753e-01
9.579848505635501397e+02 -1.521620904785343231e-01
9.597654524266411045e+02 -8.841734699963690880e-02
9.615454413570899987e+02 -1.500011721263478925e-01
9.633248176261398612e+02 -1.523670979088869726e-01
9.651035815048799122e+02 -8.084186272681254115e-02
9.668817332642357769e+02 -1.016315767001327308e-01
9.686592731749816494e+02 -1.466536659995945624e-01
9.704362015077304022e+02 -9.823178753732303425e-02
9.722125185329383612e+02 -7.194016409001083301e-02
9.739882245209025768e+02 -1.651644175173383466e-02
9.757633197417650308e+02 -4.712334060673328828e-02
9.775378044655100211e+02 -9.898604008197109394e-02
9.793116789619665497e+02 -8.680080364182846120e-02
9.810849435007995680e+02 9.621175644846086117e-02
9.828575983515266898e+02 8.132261088069370203e-02
9.846296437834986364e+02 5.298031331024621871e-02
9.864010800659219740e+02 8.282586376087330837e-02
9.881719074678388779e+02 -3.669610673729906125e-02
9.899421262581319070e+02 -7.293848496475857646e-02
9.917117367055376462e+02 -8.971449312399365494e-02
9.934807390786220367e+02 -1.027621120577705827e-01
9.952491336458052729e+02 -6.643236998121207493e-02
9.970169206753590743e+02 -7.793855360258178377e-02
9.987841004353821290e+02 -2.345788112758290245e-02
1.000550673193824082e+03 -1.170828568490291932e-01
1.002316639218481896e+03 -8.632501172870504780e-02
1.004081998776993828e+03 -9.688882446522550929e-02
1.005846752136849432e+03 -2.025645742231996227e-02
1.007610899565375234e+03 6.707630047119494954e-03
1.009374441329743036e+03 -7.790647984183662889e-02
1.011137377696972294e+03 -1.059438179023874937e-03
1.012899708933922966e+03 -2.338560267910760881e-02
1.014661435307316083e+03 -4.161378760610401351e-03
1.016422557083698052e+03 -4.470363886109329776e-04
1.018183074529466239e+03 -6.919447068306636139e-02
1.019942987910869874e+03 -8.414315623938278810e-02
1.021702297494004370e+03 7.550533997195080227e-02
1.023461003544796085e+03 4.262161061111330307e-02
1.025219106329035412e+03 -3.373929225583088831e-02
1.026976606112349373e+03 1.966933301192536065e-02
1.028733503160211740e+03 4.963032774028847127e-02
1.030489797737951221e+03 -6.583318674465016285e-02
1.032245490110723040e+03 -2.505347227713689007e-02
1.034000580543548494e+03 -6.685092731375696928e-02
1.035755069301282674e+03 -1.405212878769712681e-02
1.037508956648637195e+03 -8.211531595882309853e-02
1.039262242850168604e+03 -4.284352930830798156e-02
1.041014928170267012e+03 -3.240641948165845498e-02
1.042767012873194062e+03 -9.138628238553825334e-03
1.044518497223027225e+03 2.860052085597664107e-02
1.046269381483724146e+03 -1.057099673217726243e-02
1.048019665919071258e+03 -2.654075503636138533e-02
1.049769350792706973e+03 -7.370570847768004308e-02
1.051518436368104403e+03 -4.078333733920730397e-02
1.053266922908605466e+03 -7.128995172066093788e-02
1.055014810677384276e+03 -1.379967385501423838e-02
1.056762099937481480e+03 -2.502484837730611922e-02
1.058508790951748551e+03 3.669116616540002429e-02
1.060254883982935780e+03 -7.744935916054429548e-02
1.062000379293598598e+03 -7.006140329957832869e-03
1.063745277146169883e+03 -5.802636781089315354e-02
1.065489577802907206e+03 -2.669477893957938885e-02
1.067233281525934444e+03 2.010587226000237759e-02
1.068976388577212902e+03 2.318355454128878668e-02
1.070718899218557226e+03 1.602961993958273990e-02
1.072460813711639730e+03 1.071473948628966499e-01
1.074202132317967198e+03 -2.512893735951776675e-02
1.075942855298905897e+03 9.169997681588903937e-02
1.077682982915657021e+03 -8.740449315004517050e-02
1.079422515429294208e+03 2.154466434687274390e-02
1.081161453100718518e+03 -4.825115376921559895e-02
1.082899796190694133e+03 -5.308268209682481809e-02
1.084637544959824254e+03 -2.484096409885572232e-02
1.086374699668575659e+03 1.230827770360609641e-02
1.088111260577252779e+03 -4.039152791362793371e-02
1.089847227946015892e+03 -1.085016167128016185e-01
1.091582602034875663e+03 -8.899087693944240929e-02
1.093317383103684278e+03 -1.157960289256646513e-01
1.095051571412155681e+03 -1.302614390841825287e-01
1.096785167219859886e+03 -3.816216552350137903e-02
1.098518170786187284e+03 -6.457397926961599977e-02
1.100250582370417305e+03 -5.262043276755956622e-02
1.101982402231651577e+03 3.171472367853689356e-02
1.103713630628854162e+03 -4.697181772787700771e-02
1.105444267820844061e+03 -6.236055820858099619e-02
1.107174314066277248e+03 -9.264080636698851512e-02
1.108903769623684411e+03 -5.879310554305272607e-02
1.110632634751417072e+03 -5.482965579387505395e-02
1.112360909707698738e+03 -8.280338014127308632e-02
1.114088594750607172e+03 -9.038616668659960052e-03
1.115815690138058699e+03 -1.459533781912868700e-01
1.117542196127826855e+03 -1.375707085245794215e-01
1.119268112977531246e+03 -1.566369593231043689e-01
1.120993440944658914e+03 -1.944249720983047824e-01
1.122718180286544339e+03 -9.438769381145567516e-02
1.124442331260351466e+03 -1.070104934604613478e-01
1.126165894123120097e+03 -1.140846783808756038e-01
1.127888869131748379e+03 -3.137686747999512971e-02
1.129611256542968476e+03 -1.520864966156335041e-01
1.131333056613364306e+03 -7.080844996568175231e-02
1.133054269599395866e+03 -1.790704049173784673e-01
1.134774895757338754e+03 -7.957073060080668836e-02
1.136494935343360112e+03 -4.671489898527569906e-02
1.138214388613460187e+03 -9.030899477473580683e-02
1.139933255823484387e+03 -8.692175109756858364e-02
1.141651537229157157e+03 -2.810349967295694418e-02
1.143369233086027180e+03 -1.308295578107844803e-01
1.145086343649524451e+03 -1.313596415473476386e-01
1.146802869174909802e+03 -1.180308631007771503e-01
1.148518809917305816e+03 -7.308180402643646434e-02
1.150234166131691154e+03 -7.266001132706384480e-02
1.151948938072904184e+03 -3.782025884788053904e-02
1.153663125995612745e+03 3.788542204184547346e-02
1.155376730154371444e+03 -2.064006589705236205e-02
1.157089750803568450e+03 -2.049928010512974685e-02
1.158802188197448459e+03 -2.839392946459406986e-02
1.160514042590119971e+03 -1.660485691059526703e-02
1.162225314235534142e+03 -1.089986479029165789e-01
1.163936003387499795e+03 1.399061229464113043e-02
1.165646110299688644e+03 -1.282626045515876667e-01
1.167355635225624383e+03 -8.124187980322394864e-02
1.169064578418668589e+03 -2.765301084612614702e-02
1.170772940132068470e+03 -5.828516975164141356e-02
1.172480720618898431e+03 -3.592185808212716713e-02
1.174187920132095769e+03 -1.582547952148022352e-02
1.175894538924472727e+03 1.088231843611586758e-02
1.177600577248669879e+03 -6.701438202058296323e-02
1.179306035357191377e+03 -8.393658150263794138e-02
1.181010913502414269e+03 1.773561336607332173e-03
1.182715211936540072e+03 -1.837655331714638240e-02
1.184418930911662756e+03 -6.977705679002149664e-02
1.186122070679695526e+03 -1.189743532536089998e-01
1.187824631492432900e+03 -6.576794024183924003e-02
1.189526613601511372e+03 -9.771036691225976067e-02
1.191228017258447153e+03 -1.013193187315300225e-01
1.192928842714578650e+03 -5.420942980118931276e-02
1.194629090221115575e+03 4.119790617964802504e-03
1.196328760029147361e+03 -4.586692712153550566e-02
1.198027852389579948e+03 -1.130188475673961357e-01
1.199726367553197178e+03 -1.292917874659688104e-01
1.201424305770655565e+03 -1.365049442699362847e-01
1.203121667292431312e+03 -8.323438160920190731e-02
1.204818452368884437e+03 -1.252454540996216781e-01
1.206514661250227164e+03 -8.976403970073376648e-02
1.208210294186529836e+03 -1.183356462058801628e-01
1.209905351427715914e+03 -3.820573337900784461e-02
1.211599833223561291e+03 -9.111215399590144592e-02
1.213293739823712940e+03 -1.098401604757659467e-02
1.214987071477669815e+03 -6.630532010665113329e-02
1.216679828434782848e+03 3.710713868718884534e-02
1.218372010944271551e+03 -1.157056523245269530e-01
1.220063619255208550e+03 -1.560521373591359229e-01
1.221754653616512996e+03 -4.045362839330335358e-02
1.223445114276992854e+03 -1.450423067853234826e-02
1.225135001485277144e+03 -1.055688559172742735e-01
1.226824315489875744e+03 -2.389084024944199136e-02
1.228513056539153013e+03 -5.121498856758627261e-02
1.230201224881338703e+03 -4.154954363698187825e-02
1.231888820764497268e+03 -6.995080951047505380e-02
1.233575844436589932e+03 -4.998989533720049616e-02
1.235262296145395794e+03 -1.748763688043053488e-03
1.236948176138591634e+03 -1.140301415292873655e-01
1.238633484663678701e+03 -1.147175331359760464e-01
1.240318221968041598e+03 -1.437702888741049234e-01
1.242002388298914184e+03 -6.996159600328966111e-02
1.243685983903391389e+03 -8.708442945463967799e-02
1.245369009028435812e+03 -8.051925220012989826e-02
1.247051463920849983e+03 -1.088317960317176092e-01
1.248733348827314330e+03 -1.270657113731694654e-01
1.250414663994359898e+03 -5.727871702602788107e-02
1.252095409668387219e+03 -8.504503156963261201e-02
1.253775586095649942e+03 -3.329508278997223014e-02
1.255455193522251420e+03 1.475425563106330662e-02
1.257134232194181322e+03 -1.917653354454001979e-02
1.258812702357267199e+03 -1.672728300776066268e-02
1.260490604257204268e+03 -7.237373317363182679e-02
1.262167938139545640e+03 -3.079893072924855257e-02
1.263844704249721417e+03 -7.274689589346344798e-02
1.265520902832992988e+03 -5.252519703430041931e-02
1.267196534134518515e+03 -1.418700158163458958e-01
1.268871598399274035e+03 -1.169483200620886620e-01
1.270546095872135766e+03 -6.625039720534975363e-02
1.272220026797823039e+03 -7.539659077064220227e-02
1.273893391420918761e+03 -5.608170693321939959e-02
1.275566189985862820e+03 -9.071117046377719095e-02
1.277238422736967095e+03 3.643018509637951929e-02
1.278910089918388621e+03 -1.308750490430379276e-01
1.280581191774174386e+03 -1.590880464470029176e-02
1.282251728548201299e+03 3.525363656539493018e-03
1.283921700484228495e+03 -4.009687325159211335e-02
1.285591107825871632e+03 -8.302248588884431069e-02
1.287259950816604260e+03 -1.124416141309540484e-01
1.288928229699760095e+03 -4.816456110804162583e-02
1.290595944718547116e+03 -4.417021952873417812e-02
1.292263096116034149e+03 1.437106522648551321e-02
1.293929684135141315e+03 1.039865499996384113e-02
1.295595709018655498e+03 1.835468017971664256e-02
1.297261171009232839e+03 -8.232394211565990938e-02
1.298926070349387146e+03 3.896545588777661218e-02
1.300590407281488524e+03 -4.153578467345619973e-02
1.302254182047788618e+03 -1.382897296667630060e-01
1.303917394890380137e+03 -1.006243220805685401e-01
1.305580046051229829e+03 -2.129792268129243604e-02
1.307242135772174151e+03 -6.762971000335377125e-02
1.308903664294904274e+03 -7.540526881839232365e-02
1.310564631860979944e+03 -1.275732259400859658e-01
1.312225038711808565e+03 -1.657247824943047787e-02
1.313884885088682722e+03 -2.644513552806709855e-02
1.315544171232748795e+03 2.670599673379253636e-02
1.317202897385018559e+03 -3.606729718470791379e-02
1.318861063786364184e+03 -1.028036235546131438e-02
1.320518670677530054e+03 -1.951398117203478888e-02
1.322175718299107075e+03 7.509659370135912670e-02
1.323832206891576106e+03 3.607671439328385965e-03
1.325488136695268622e+03 -2.978315433194034245e-02
1.327143507950372850e+03 -2.298853792603050561e-02
1.328798320896952873e+03 4.654740486613451189e-02
1.330452575774934303e+03 -4.203762219256562682e-02
1.332106272824105645e+03 -5.305940542013709571e-02
1.333759412284131258e+03 2.964660359882337337e-02
1.335411994394511566e+03 -2.048611817354689668e-02
1.337064019394655816e+03 -1.866623624086349853e-03
1.338715487523794309e+03 -1.552009333326385132e-01
1.340366399021048437e+03 -4.531352383242104320e-02
1.342016754125398847e+03 -1.267751078675128373e-01
1.343666553075694537e+03 -3.356503189665660525e-02
1.345315796110644214e+03 -7.527177953256297682e-02
1.346964483468818571e+03 -1.375094020740753042e-01
1.348612615388672793e+03 -7.440493785560348128e-02
1.350260192108507226e+03 1.194738339529655136e-02
1.351907213866495795e+03 -1.131246282862080621e-01
1.353553680900681456e+03 -1.061702073727178730e-01
1.355199593448967335e+03 -1.558234529620466380e-01
1.356844951749131269e+03 -8.957031371435564271e-02
1.358489756038801488e+03 -8.568088924349942515e-02
1.360134006555495489e+03 -7.129631801456565166e-02
1.361777703536582976e+03 -1.511715202183035456e-01
1.363420847219291318e+03 -7.778187541956982365e-02
1.365063437840735787e+03 -1.363414971686252586e-01
1.366705475637880227e+03 -8.060662271134616530e-02
1.368346960847562741e+03 -1.059720607556888239e-01
1.369987893706500245e+03 -1.069024906281001164e-01
1.371628274451255720e+03 -6.479731447618169993e-02
1.373268103318270050e+03 -3.041384702313443267e-02
1.374907380543838372e+03 -1.367878252162321728e-01
1.376546106364157367e+03 -1.168208082946782800e-01
1.378184281015245915e+03 -2.931613259647514180e-02
1.379821904733031261e+03 -1.321063834433309214e-01
1.381458977753274212e+03 -1.129746990094654402e-02
1.383095500311631668e+03 -2.046122026849095388e-02
1.384731472643604093e+03 5.038604541105995427e-03
1.386366894984575765e+03 -5.094195791135019968e-02
1.388001767569797494e+03 -4.250020627147127472e-02
1.389636090634375705e+03 -9.242001695220969371e-02
1.391269864413299956e+03 1.300139412024337027e-04
1.392903089141421560e+03 1.285793679497232445e-02
1.394535765053462683e+03 2.948641139765792452e-02
1.396167892384009974e+03 -2.185113494095225484e-02
1.397799471367519800e+03 1.277858099131289338e-01
1.399430502238315739e+03 -3.113690717855577272e-02
1.401060985230601318e+03 -5.858888015581215081e-02
1.402690920578432724e+03 -4.152795780888168808e-02
1.404320308515736997e+03 1.534018484022098283e-02
1.405949149276325670e+03 5.013367352048964110e-02
1.407577443093862939e+03 -3.376105349465258199e-02
1.409205190201894311e+03 -1.068272355791358152e-01
1.410832390833818636e+03 -2.882476164240982408e-02
1.412459045222921532e+03 -7.708525506302565944e-02
1.414085153602351284e+03 -7.343040307571052638e-02
1.415710716205115887e+03 -1.772927117240977180e-01
1.417335733264108512e+03 -4.295299145096242999e-02
1.418960205012090228e+03 -6.165978426286355951e-03
1.420584131681675672e+03 -8.991045101581329746e-03
1.422207513505369889e+03 9.397304547188156665e-02
1.423830350715532859e+03 1.226568121595653649e-01
1.425452643544412695e+03 -8.136058423696967967e-03
1.427074392224096982e+03 7.342729208598719470e-02
1.428695596986577357e+03 7.666799948321612046e-02
1.430316258063692658e+03 1.154184467249875778e-01
1.431936375687166901e+03 7.480680545235701695e-02
1.433555950088587224e+03 9.157722392479328288e-02
1.435174981499407295e+03 9.015053777843284877e-03
1.436793470150955955e+03 4.222144332866678562e-02
1.438411416274438579e+03 -2.280333336412332379e-02
1.440028820100922985e+03 1.157303048793285050e-01
1.441645681861353978e+03 7.973471364118300819e-04
1.443262001786547216e+03 7.393996353080467543e-02
1.444877780107181252e+03 4.952265145742390517e-02
1.446493017053817084e+03 4.585001025731449964e-03
1.448107712856875651e+03 6.007806285696032367e-02
1.449721867746661474e+03 -5.239366673479617376e-02
1.451335481953335830e+03 4.748246237441922091e-02
1.452948555706949946e+03 -1.119623824244961874e-01
1.454561089237414535e+03 1.968325245189356254e-02
1.456173082774515478e+03 -4.500951685669646318e-02
1.457784536547907237e+03 1.493452111857029863e-02
1.459395450787128311e+03 -6.747039839284935114e-02
1.461005825721568499e+03 -1.335187218662337028e-02
1.462615661580504366e+03 -4.212293642872233512e-02
1.464224958593086967e+03 -2.605688379625725748e-02
1.465833716988327069e+03 -5.325544305761081842e-02
1.467441936995118567e+03 -6.291827634742230835e-03
1.469049618842228710e+03 -1.938398268674501601e-02
1.470656762758294235e+03 -5.206674281942968996e-02
1.472263368971812724e+03 7.177448737415104141e-03
1.473869437711175578e+03 -8.625333170559112972e-02
1.475474969204634135e+03 -8.670089972286210145e-02
1.477079963680315586e+03 -1.221300820056957503e-01
1.478684421366221159e+03 -1.938738289169850693e-01
1.480288342490228388e+03 -8.248871289242232230e-02
1.481891727280075656e+03 -1.256309037816866203e-01
1.483494575963388570e+03 -8.618844343079123949e-02
1.485096888767662676e+03 -1.004525987990351199e-02
1.486698665920258236e+03 -9.603470271809899650e-02
1.488299907648427279e+03 -4.550051953663758475e-03
1.489900614179274271e+03 -1.064083265088138774e-01
1.491500785739789990e+03 -1.141997437224485101e-01
1.493100422556837430e+03 -9.132015428369844035e-02
1.494699524857152710e+03 -5.458378656857970634e-02
1.496298092867352807e+03 -6.068633769631032182e-02
1.497896126813914407e+03 -8.479134036846369682e-02
1.499493626923195961e+03 -1.541248927300513105e-01
1.501090593421432914e+03 -6.011981720901166115e-02
1.502687026534739971e+03 -1.466364238012731747e-01
1.504282926489084275e+03 -3.533773832487341338e-02
1.505878293510332924e+03 -9.205568081522658153e-02
1.507473127824211133e+03 -7.105129183173830576e-02
1.509067429656337254e+03 -1.652730604622291710e-01
1.510661199232178433e+03 -1.196265860791362323e-01
1.512254436777099954e+03 -6.325711863418817527e-02
1.513847142516331360e+03 -6.276196266681799418e-02
1.515439316674965767e+03 -1.391235588931253320e-01
1.517030959478004434e+03 -5.077089695708775219e-02
1.518622071150289912e+03 -1.401091700210287117e-01
1.520212651916559935e+03 -6.682569415593833662e-02
1.521802702001428543e+03 -2.946069001454015845e-02
1.523392221629365395e+03 -1.231873993923493088e-01
1.524981211024732829e+03 -7.936304475124070223e-02
1.526569670411770176e+03 -1.109767216752855501e-01
1.528157600014594209e+03 -5.473119996372100005e-02
1.529745000057171410e+03 -2.622659947996403007e-02
1.531331870763382767e+03 -9.568096293314168332e-02
1.532918212356957156e+03 -6.282410819370884414e-02
1.534504025061512948e+03 -9.640890825888201454e-02
1.536089309100534138e+03 -2.423403200205148655e-02
1.537674064697398308e+03 -6.568999948602233241e-02
1.539258292075342752e+03 -1.067641442674822916e-01
1.540841991457485847e+03 -9.952542605390912733e-02
1.542425163066830009e+03 -4.646538606825405260e-02
1.544007807126252828e+03 -1.604841820863947555e-01
1.545589923858488419e+03 -2.636309135468073439e-02
1.547171513486175627e+03 -1.383740979063882437e-01
1.548752576231817102e+03 -1.219840611620710558e-01
1.550333112317792711e+03 -5.490323235752614384e-02
1.551913121966362951e+03 -8.996736697160051532e-02
1.553492605399654394e+03 -1.241072704846547248e-01
1.555071562839694252e+03 -5.253688775031370439e-02
1.556649994508361488e+03 -7.073916226288595732e-02
1.558227900627430017e+03 -9.150326348377391117e-02
1.559805281418541426e+03 -1.014067292402429377e-01
1.561382137103221339e+03 4.849010518692931093e-02
1.562958467902860093e+03 -4.841187135558483456e-02
1.564534274038752756e+03 -1.134054390935706480e-01
1.566109555732051376e+03 -1.351522747586405282e-01
1.567684313203782949e+03 -5.438969549665612080e-02
1.569258546674857143e+03 -1.149108474265646274e-01
1.570832256366075626e+03 -4.901402822694639339e-02
1.572405442498102730e+03 7.974033216254561296e-03
1.573978105291482734e+03 -3.057715759857887461e-02
1.575550244966645778e+03 -1.138501635215247165e-02
1.577121861743891486e+03 4.636800856285866468e-02
1.578692955843404206e+03 -1.052622410472137393e-01
1.580263527485251416e+03 -9.174299290610352098e-02
1.581833576889363030e+03 -2.694350851745769271e-02
1.583403104275558462e+03 -5.570837731899272449e-02
1.584972109863545711e+03 -6.573581362807223716e-02
1.586540593872890213e+03 -2.649204049934295035e-02
1.588108556523057132e+03 -1.428295083458380743e-02
1.589675998033369979e+03 -7.101700616053996384e-02
1.591242918623054265e+03 -5.415876288674881245e-02
1.592809318511204310e+03 -1.819722984812705002e-02
1.594375197916784373e+03 -2.079254330524549221e-02
1.595940557058650029e+03 -2.461989937008390861e-02
1.597505396155534299e+03 -2.600638822692957763e-02
1.599069715426051289e+03 -3.907841098223591159e-02
1.600633515088688455e+03 -7.336593391245582740e-02
1.602196795361822751e+03 -1.449423559916024340e-01
1.603759556463700164e+03 -1.367278939791161108e-02
1.605321798612455950e+03 -5.953477483303742934e-02
1.606883522026102810e+03 -1.252624291000350998e-02
1.608444726922521568e+03 -2.419219168006248033e-03
1.610005413519493914e+03 -7.875585972960141845e-02
1.611565582034682620e+03 9.002864023782142233e-03
1.613125232685594256e+03 -4.150036140740764878e-02
1.614684365689665810e+03 -6.007396465187303525e-02
1.616242981264176024e+03 -9.412582669367397514e-02
1.617801079626311548e+03 -1.368388938215130135e-01
1.619358660993119656e+03 -5.687349077343140102e-02
1.620915725581541210e+03 -2.197294047358905322e-02
1.622472273608387241e+03 1.737757702513598179e-02
1.624028305290357139e+03 4.180716860190869522e-02
1.625583820844034335e+03 -1.979971800273633287e-02
1.627138820485882889e+03 -3.215248624850014503e-02
1.628693304432232708e+03 1.253707117262564674e-02
1.630247272899317295e+03 7.775663026507187436e-02
1.631800726103235775e+03 3.044743747050510096e-02
1.633353664259974494e+03 -2.521181875601097300e-02
1.634906087585401337e+03 -7.849239207990577061e-03
1.636457996295268458e+03 1.168389838900318889e-02
1.638009390605199997e+03 4.253160060091581984e-02
1.639560270730717093e+03 5.428850015738229118e-03
1.641110636887215605e+03 -4.421466718072197821e-03
1.642660489289961333e+03 1.471010412489393016e-02
1.644209828154124125e+03 -4.965285743350067449e-02
1.645758653694737177e+03 4.599482741864791002e-02
1.647306966126731368e+03 9.062665555765864189e-02
1.648854765664902743e+03 5.378234497084921628e-02
1.650402052523950033e+03 8.213815757805414952e-02
1.651948826918438499e+03 1.385524903282925879e-01
1.653495089062815623e+03 6.000737288590285434e-02
1.655040839171429980e+03 1.316596805120425762e-01
1.656586077458488717e+03 1.162064797927936377e-02
1.658130804138094163e+03 -2.706430513958579809e-03
1.659675019424240190e+03 1.352190889485681002e-01
1.661218723530790157e+03 1.920141051824963974e-02
1.662761916671486915e+03 -1.577848927655356448e-02
1.664304599059969860e+03 -2.229795964564845745e-02
1.665846770909756970e+03 -5.761152005905595397e-02
1.667388432434244123e+03 -1.378552965735757585e-02
1.668929583846718515e+03 -1.071250244254201012e-01
1.670470225360345694e+03 -5.591464284942926355e-02
1.672010357188179796e+03 -2.304409223292114284e-04
1.673549979543146037e+03 -8.138233503113767586e-03
1.675089092638064130e+03 -1.352167076017963265e-01
1.676627696685640103e+03 -1.025740435627333080e-01
1.678165791898463112e+03 -1.457195547164116811e-01
1.679703378488990211e+03 -5.875074522965223478e-02
1.681240456669591595e+03 -1.198138218021091439e-01
1.682777026652487166e+03 -1.169747643756065547e-01
1.684313088649809970e+03 -1.160760347818637905e-01
1.685848642873560038e+03 -8.229484720727275882e-02
1.687383689535634176e+03 -1.234492624394701865e-01
1.688918228847795490e+03 -1.574604758901868573e-01
1.690452261021724553e+03 -1.780914167004195026e-01
1.691985786268938682e+03 -1.450725850182052468e-01
1.693518804800885846e+03 -2.031645564352595468e-01
1.695051316828872586e+03 -1.832688308664567889e-01
1.696583322564098353e+03 -1.154104069680858546e-01
1.698114822217644132e+03 -3.552145360584035849e-02
1.699645816000484501e+03 -2.934020528088976398e-02
1.701176304123461478e+03 5.788326843285351853e-02
1.702706286797319990e+03 -5.451802777681424850e-02
1.704235764232687188e+03 -2.036057708778082342e-01
1.705764736640063120e+03 -4.953414723600590985e-02
1.707293204229851426e+03 -7.860730921663278137e-02
1.708821167212321598e+03 -1.543139763957749877e-01
1.710348625797648538e+03 -7.963226090148345371e-02
1.711875580195880048e+03 -7.453575973322340564e-02
1.713402030616947059e+03 -1.305057592756342366e-01
1.714927977270681595e+03 -9.893603166887177114e-02
1.716453420366780165e+03 -1.084995379314394603e-01
1.717978360114850375e+03 -1.014757559646692897e-01
1.719502796724362724e+03 -8.048529202682841444e-02
1.721026730404693126e+03 -5.665327690964661045e-02
1.722550161365081294e+03 -9.100366331485998383e-02
1.724073089814670084e+03 -1.147041373471335557e-01
1.725595515962488435e+03 -7.230774387899424616e-02
1.727117440017445688e+03 -7.677846206336011448e-02
1.728638862188347275e+03 -7.776562400245295992e-02
1.730159782683864250e+03 -1.577685535609614220e-01
1.731680201712579901e+03 -1.248207487327870624e-01
1.733200119482941318e+03 -1.427458519238324897e-01
1.734719536203295547e+03 -1.623976952636430049e-01
1.736238452081881405e+03 -7.744474763470264589e-02
1.737756867326819929e+03 -6.493020706966812217e-02
1.739274782146100051e+03 -1.785655385998586864e-01
1.740792196747629987e+03 -6.902938162334493200e-02
1.742309111339178571e+03 -2.553668397026723214e-02
1.743825526128424144e+03 -5.783008182711990575e-02
1.745341441322919991e+03 -1.236775673541425924e-01
1.746856857130100025e+03 -8.005206478896104150e-02
1.748371773757294022e+03 -1.212166121524048401e-01
1.749886191411725804e+03 -6.023036543256032882e-02
1.751400110300495726e+03 -7.626877868366460644e-02
1.752913530630597506e+03 -2.398992733607663297e-03
1.754426452608915497e+03 -1.632579462980553453e-01
1.755938876442207402e+03 -2.142702821321540441e-02
1.757450802337145888e+03 -3.464218842818622690e-02
1.758962230500257192e+03 -8.147449055530892048e-02
1.760473161137981378e+03 -8.907580390953634408e-02
1.761983594456645733e+03 -9.280435658140503974e-02
1.763493530662445892e+03 -7.105712286979160019e-02
1.765002969961487224e+03 -1.486280700137906918e-02
1.766511912559755729e+03 -1.195947232563175922e-01
1.768020358663124398e+03 -7.545654336960888608e-02
1.769528308477348901e+03 -1.321138046303241276e-01
1.771035762208091683e+03 -7.931638117678302402e-02
1.772542720060888769e+03 -1.387711799263464107e-01
1.774049182241164090e+03 -6.834357703807639184e-02
1.775555148954244487e+03 -2.399560832667155252e-02
1.777060620405327199e+03 -9.002381586248123235e-02
1.778565596799509876e+03 -2.942140681508748079e-02
1.780070078341785575e+03 -7.418177501850101163e-02
1.781574065237014565e+03 -4.527154311453027158e-02
