7.767820720892717645e+02 2.902321799125829882e-01
7.786253646614931085e+02 2.803802598875603236e-01
7.804680163580744647e+02 2.674376979739170879e-01
7.823100274666711584e+02 2.737588233674032034e-01
7.841513982747665068e+02 2.740481691571713396e-01
7.859921290696747747e+02 2.740183158531258600e-01
7.878322201385398103e+02 2.667107568278666019e-01
7.896716717683360685e+02 2.724396912928429004e-01
7.915104842458670191e+02 2.779199873337878657e-01
7.933486578577661703e+02 2.727249937818406189e-01
7.951861928905010473e+02 2.795316272201719410e-01
7.970230896303675081e+02 2.776393450324929901e-01
7.988593483634896302e+02 2.853887896315972506e-01
8.006949693758297144e+02 2.959869783892939421e-01
8.025299529531704366e+02 2.856998454372267626e-01
8.043642993811364477e+02 2.918906818598995812e-01
8.061980089451780032e+02 2.898426673511456664e-01
8.080310819305765335e+02 2.876897342021035309e-01
8.098635186224465770e+02 2.846192248057818897e-01
8.116953193057341878e+02 2.857562651475238358e-01
8.135264842652155721e+02 2.986806789378398386e-01
8.153570137855037956e+02 3.000345945924169921e-01
8.171869081510370734e+02 2.918987018126026345e-01
8.190161676460904800e+02 2.882505304508110600e-01
8.208447925547710611e+02 2.878318986367223165e-01
8.226727831610168096e+02 2.973673752652744584e-01
8.245001397485987127e+02 2.895824868855349510e-01
8.263268626011187052e+02 3.052379686652173518e-01
8.281529520020174004e+02 3.100336536311295577e-01
8.299784082345619254e+02 3.155433589166956043e-01
8.318032315818536517e+02 3.093126762817776654e-01
8.336274223268297874e+02 3.066799827440279680e-01
8.354509807522618985e+02 3.079678952678222004e-01
8.372739071407489746e+02 3.091790725835142362e-01
8.390962017747285699e+02 2.986424291413942722e-01
8.409178649364694138e+02 2.974039330803530112e-01
8.427388969080760717e+02 2.942902094805402435e-01
8.445592979714866715e+02 3.008146855907631867e-01
8.463790684084714258e+02 2.817204040820832089e-01
8.481982085006366106e+02 2.660852097869211841e-01
8.500167185294233150e+02 2.688702582729747825e-01
8.518345987761034621e+02 2.704798295571007594e-01
8.536518495217862892e+02 2.688596195062791239e-01
8.554684710474194844e+02 2.670256199083756998e-01
8.572844636337765678e+02 2.744337266761351923e-01
8.590998275614741715e+02 2.689858846458010322e-01
8.609145631109611259e+02 2.751920010587070586e-01
8.627286705625173227e+02 2.751452569530747905e-01
8.645421501962645152e+02 2.669670859339152158e-01
8.663550022921548361e+02 2.681597965972196684e-01
8.681672271299812564e+02 2.824720893831910717e-01
8.699788249893665579e+02 2.882870887627072554e-01
8.717897961497727692e+02 2.850615614519013685e-01
8.736001408904959362e+02 2.804086775749002891e-01
8.754098594906728295e+02 2.804421324744649779e-01
8.772189522292692345e+02 2.743952645072429419e-01
8.790274193850902975e+02 2.895075996937684915e-01
8.808352612367798429e+02 2.688769489133651103e-01
8.826424780628148028e+02 2.693996712816106309e-01
8.844490701415112426e+02 2.766774187849086464e-01
8.862550377510217459e+02 2.809248382097441765e-01
8.880603811693324587e+02 2.760318767080198743e-01
8.898651006742701384e+02 2.654755306574205775e-01
8.916691965434981739e+02 2.650223273793888001e-01
8.934726690545168140e+02 2.673409071598604747e-01
8.952755184846618022e+02 2.750484167807612512e-01
8.970777451111071059e+02 2.817910706713787072e-01
8.988793492108685541e+02 2.758579095917542134e-01
9.006803310607940602e+02 2.898987017457264614e-01
9.024806909375710120e+02 2.985995843375839343e-01
9.042804291177255891e+02 3.042280797080580412e-01
9.060795458776231044e+02 3.114660880509220187e-01
9.078780414934642522e+02 3.110798941080490376e-01
9.096759162412888600e+02 3.182059083691941015e-01
9.114731703969782757e+02 3.301705501582380409e-01
9.132698042362482056e+02 3.388474500210494900e-01
9.150658180346533754e+02 3.364124879099426035e-01
9.168612120675905999e+02 3.334011777555313527e-01
9.186559866102946899e+02 3.432756256398596939e-01
9.204501419378351557e+02 3.433855010361032134e-01
9.222436783251250745e+02 3.353886539459143834e-01
9.240365960469183619e+02 3.362529143785257801e-01
9.258288953778030645e+02 3.390015920013948469e-01
9.276205765922097726e+02 3.433580757244044657e-01
9.294116399644061630e+02 3.463227920448369579e-01
9.312020857685058672e+02 3.276749770650324578e-01
9.329919142784555106e+02 3.101432394086985900e-01
9.347811257680453991e+02 3.138508050793587523e-01
9.365697205109039487e+02 3.148871809353335216e-01
9.383576987805014369e+02 3.072321246160881203e-01
9.401450608501475017e+02 3.028120438259659930e-01
9.419318069929919375e+02 3.017233050773471814e-01
9.437179374820269686e+02 3.003345560750207976e-01
9.455034525900844073e+02 2.899304125980859959e-01
9.472883525898356538e+02 2.963539661580898432e-01
9.490726377537954477e+02 2.829244457362684040e-01
9.508563083543160701e+02 2.879875506532052487e-01
9.526393646635942787e+02 2.987440298984345155e-01
9.544218069536669873e+02 2.865653822764137049e-01
9.562036354964126303e+02 2.916869981748994589e-01
9.579848505635501397e+02 2.935586674016216202e-01
9.597654524266411045e+02 3.000318846597322953e-01
9.615454413570899987e+02 3.061474803377118858e-01
9.633248176261398612e+02 2.958416535582791829e-01
9.651035815048799122e+02 3.071195757249913783e-01
9.668817332642357769e+02 2.973611507820415611e-01
9.686592731749816494e+02 3.066322456231384552e-01
9.704362015077304022e+02 3.201392379146934530e-01
9.722125185329383612e+02 3.398756184894715093e-01
9.739882245209025768e+02 3.729711099105022520e-01
9.757633197417650308e+02 3.951766479707941038e-01
9.775378044655100211e+02 4.211805621791633869e-01
9.793116789619665497e+02 4.335433960078002857e-01
9.810849435007995680e+02 4.329378545926895194e-01
9.828575983515266898e+02 4.509790569371749380e-01
9.846296437834986364e+02 4.484165686320723543e-01
9.864010800659219740e+02 4.462860035479521148e-01
9.881719074678388779e+02 4.342951823727699834e-01
9.899421262581319070e+02 4.271424945209931767e-01
9.917117367055376462e+02 4.240421593958266788e-01
9.934807390786220367e+02 3.939270007067730561e-01
9.952491336458052729e+02 3.625134654060598871e-01
9.970169206753590743e+02 3.290682560630966980e-01
9.987841004353821290e+02 3.210747062540616481e-01
1.000550673193824082e+03 3.262330976766297241e-01
1.002316639218481896e+03 3.158934349516041573e-01
1.004081998776993828e+03 3.186881021178985529e-01
1.005846752136849432e+03 3.251919201390746084e-01
1.007610899565375234e+03 3.370738862573626204e-01
1.009374441329743036e+03 3.312986587232805147e-01
1.011137377696972294e+03 3.180477235292184512e-01
1.012899708933922966e+03 3.246462818228266212e-01
1.014661435307316083e+03 3.369180595974544667e-01
1.016422557083698052e+03 3.461976474001948190e-01
1.018183074529466239e+03 3.424914520245583294e-01
1.019942987910869874e+03 3.277340182865032814e-01
1.021702297494004370e+03 3.322249755596826670e-01
1.023461003544796085e+03 3.301615628904575050e-01
1.025219106329035412e+03 3.358493432142505841e-01
1.026976606112349373e+03 3.503257477081938576e-01
1.028733503160211740e+03 3.702014231687928980e-01
1.030489797737951221e+03 3.790049614701652692e-01
1.032245490110723040e+03 3.839108502582482263e-01
1.034000580543548494e+03 3.852075926028409869e-01
1.035755069301282674e+03 3.890297517582769204e-01
1.037508956648637195e+03 3.964254448640640027e-01
1.039262242850168604e+03 4.091247690310120255e-01
1.041014928170267012e+03 4.045993264823841140e-01
1.042767012873194062e+03 4.099978639440208239e-01
1.044518497223027225e+03 3.968680538808462277e-01
1.046269381483724146e+03 3.785814802754481900e-01
1.048019665919071258e+03 3.652081871227941812e-01
1.049769350792706973e+03 3.587550730750688199e-01
1.051518436368104403e+03 3.433107297223076393e-01
1.053266922908605466e+03 3.346053713213186231e-01
1.055014810677384276e+03 3.326920117926374099e-01
1.056762099937481480e+03 3.309142415010454807e-01
1.058508790951748551e+03 3.313414652288467210e-01
1.060254883982935780e+03 3.362278148153128310e-01
1.062000379293598598e+03 3.257939393567790831e-01
1.063745277146169883e+03 3.391620070938000109e-01
1.065489577802907206e+03 3.482605291296313466e-01
1.067233281525934444e+03 3.551412324096847040e-01
1.068976388577212902e+03 3.486750514781262744e-01
1.070718899218557226e+03 3.610634633529675175e-01
1.072460813711639730e+03 3.529856634357040890e-01
1.074202132317967198e+03 3.438930885849746932e-01
1.075942855298905897e+03 3.372677181944520597e-01
1.077682982915657021e+03 3.281489933089363209e-01
1.079422515429294208e+03 3.288508671205632172e-01
1.081161453100718518e+03 3.288873062382034473e-01
1.082899796190694133e+03 3.272918247507310974e-01
1.084637544959824254e+03 3.159660920162486453e-01
1.086374699668575659e+03 3.091354323234645207e-01
1.088111260577252779e+03 3.146810305001460639e-01
1.089847227946015892e+03 3.122800868646096184e-01
1.091582602034875663e+03 3.274075357725483859e-01
1.093317383103684278e+03 3.365708288222329925e-01
1.095051571412155681e+03 3.326445211391038104e-01
1.096785167219859886e+03 3.397098135909161765e-01
1.098518170786187284e+03 3.437333732712399836e-01
1.100250582370417305e+03 3.509042628248448259e-01
1.101982402231651577e+03 3.526218959056233726e-01
1.103713630628854162e+03 3.584694007725017784e-01
1.105444267820844061e+03 3.536219614849795967e-01
1.107174314066277248e+03 3.378396622638542568e-01
1.108903769623684411e+03 3.200147313894504131e-01
1.110632634751417072e+03 3.044490560834984816e-01
1.112360909707698738e+03 2.845355904272837133e-01
1.114088594750607172e+03 2.908191697724988312e-01
1.115815690138058699e+03 2.784734507164871031e-01
1.117542196127826855e+03 2.621043379608021806e-01
1.119268112977531246e+03 2.607470727416147382e-01
1.120993440944658914e+03 2.545880007583087856e-01
1.122718180286544339e+03 2.551649490836203626e-01
1.124442331260351466e+03 2.572432330563125813e-01
1.126165894123120097e+03 2.615119855295493512e-01
1.127888869131748379e+03 2.781542955159305164e-01
1.129611256542968476e+03 2.829577562405987123e-01
1.131333056613364306e+03 2.894835755127229682e-01
1.133054269599395866e+03 2.891172525787984449e-01
1.134774895757338754e+03 2.911236921371763153e-01
1.136494935343360112e+03 2.836066309619978409e-01
1.138214388613460187e+03 2.782967157591488827e-01
1.139933255823484387e+03 2.697956659103329935e-01
1.141651537229157157e+03 2.683606860274936889e-01
1.143369233086027180e+03 2.713926735633755971e-01
1.145086343649524451e+03 2.783585274118203778e-01
1.146802869174909802e+03 2.749208797785999137e-01
1.148518809917305816e+03 2.867018627722749402e-01
1.150234166131691154e+03 2.944203285647934987e-01
1.151948938072904184e+03 2.904546333171758032e-01
1.153663125995612745e+03 2.934147334174564969e-01
1.155376730154371444e+03 3.026149015341100257e-01
1.157089750803568450e+03 3.026924880314385558e-01
1.158802188197448459e+03 2.993544039597299533e-01
1.160514042590119971e+03 2.997702396161399663e-01
1.162225314235534142e+03 2.890530414434239748e-01
1.163936003387499795e+03 2.767645707016134216e-01
1.165646110299688644e+03 2.648616769429446571e-01
1.167355635225624383e+03 2.415864879655235109e-01
1.169064578418668589e+03 2.353127064010712699e-01
1.170772940132068470e+03 2.246900606749223650e-01
1.172480720618898431e+03 2.228427756581525809e-01
1.174187920132095769e+03 2.265587860399755349e-01
1.175894538924472727e+03 2.153928349635994555e-01
1.177600577248669879e+03 2.182843860545553016e-01
1.179306035357191377e+03 2.140960461410915117e-01
1.181010913502414269e+03 2.187496964809182987e-01
1.182715211936540072e+03 2.237371128152810806e-01
1.184418930911662756e+03 2.396008780255964310e-01
1.186122070679695526e+03 2.435799381099845173e-01
1.187824631492432900e+03 2.451428233229561160e-01
1.189526613601511372e+03 2.499969915018739608e-01
1.191228017258447153e+03 2.483517259756645446e-01
1.192928842714578650e+03 2.410497546507694433e-01
1.194629090221115575e+03 2.390136885736623418e-01
1.196328760029147361e+03 2.483715673431154680e-01
1.198027852389579948e+03 2.475640949156046322e-01
1.199726367553197178e+03 2.589685111396721751e-01
1.201424305770655565e+03 2.752471969029385290e-01
1.203121667292431312e+03 2.733532257611227534e-01
1.204818452368884437e+03 2.879616441107273883e-01
1.206514661250227164e+03 2.897077840656089864e-01
1.208210294186529836e+03 2.917437876413980780e-01
1.209905351427715914e+03 2.994488610041388665e-01
1.211599833223561291e+03 3.018368579602239699e-01
1.213293739823712940e+03 3.058478044967023468e-01
1.214987071477669815e+03 3.068619750500323207e-01
1.216679828434782848e+03 3.113253542625682990e-01
1.218372010944271551e+03 3.030829243137833084e-01
1.220063619255208550e+03 2.999257242044956473e-01
1.221754653616512996e+03 3.013722580954301122e-01
1.223445114276992854e+03 3.040214055338670840e-01
1.225135001485277144e+03 3.093275892684658746e-01
1.226824315489875744e+03 3.230650355200810342e-01
1.228513056539153013e+03 3.263817522608538635e-01
1.230201224881338703e+03 3.387669188274480270e-01
1.231888820764497268e+03 3.458061527754532904e-01
1.233575844436589932e+03 3.501801522395953103e-01
1.235262296145395794e+03 3.553186225588338965e-01
1.236948176138591634e+03 3.608725221903341662e-01
1.238633484663678701e+03 3.568906088946740551e-01
1.240318221968041598e+03 3.528007853204640498e-01
1.242002388298914184e+03 3.479059661020214578e-01
1.243685983903391389e+03 3.463127146209635798e-01
1.245369009028435812e+03 3.388066866282865019e-01
1.247051463920849983e+03 3.352336823073882588e-01
1.248733348827314330e+03 3.340568373296832205e-01
1.250414663994359898e+03 3.458852775342399211e-01
1.252095409668387219e+03 3.358307199896072293e-01
1.253775586095649942e+03 3.342442872495857698e-01
1.255455193522251420e+03 3.387960477434873718e-01
1.257134232194181322e+03 3.397318946889466562e-01
1.258812702357267199e+03 3.423911113602067235e-01
1.260490604257204268e+03 3.436366666347931420e-01
1.262167938139545640e+03 3.378303585760353833e-01
1.263844704249721417e+03 3.406531946475463979e-01
1.265520902832992988e+03 3.385441949520914262e-01
1.267196534134518515e+03 3.412796449620503214e-01
1.268871598399274035e+03 3.416324831628099745e-01
1.270546095872135766e+03 3.539232894011261066e-01
1.272220026797823039e+03 3.663168313503116780e-01
1.273893391420918761e+03 3.647764411842381316e-01
1.275566189985862820e+03 3.751660367211214209e-01
1.277238422736967095e+03 3.778920294881171205e-01
1.278910089918388621e+03 3.833083590687785258e-01
1.280581191774174386e+03 3.972138760028499083e-01
1.282251728548201299e+03 4.036083537429930868e-01
1.283921700484228495e+03 4.191931375017695638e-01
1.285591107825871632e+03 4.212519355169259128e-01
1.287259950816604260e+03 4.201254565731891710e-01
1.288928229699760095e+03 4.230024895718810241e-01
1.290595944718547116e+03 4.266535870370469219e-01
1.292263096116034149e+03 4.333164216243355349e-01
1.293929684135141315e+03 4.262003784452875754e-01
1.295595709018655498e+03 4.370518641923090142e-01
1.297261171009232839e+03 4.420229089220275576e-01
1.298926070349387146e+03 4.446277070245159280e-01
1.300590407281488524e+03 4.489874098678333647e-01
1.302254182047788618e+03 4.427981572844149616e-01
1.303917394890380137e+03 4.360805712510894550e-01
1.305580046051229829e+03 4.352721030446107808e-01
1.307242135772174151e+03 4.316584739853706054e-01
1.308903664294904274e+03 4.230694022579203351e-01
1.310564631860979944e+03 4.205961205664653368e-01
1.312225038711808565e+03 4.323900362852188817e-01
1.313884885088682722e+03 4.374340992681646778e-01
1.315544171232748795e+03 4.373452785198517212e-01
1.317202897385018559e+03 4.394987012740619869e-01
1.318861063786364184e+03 4.516114120185307224e-01
1.320518670677530054e+03 4.625407364447992054e-01
1.322175718299107075e+03 4.640522669100813902e-01
1.323832206891576106e+03 4.550487542935243712e-01
1.325488136695268622e+03 4.654006450666574590e-01
1.327143507950372850e+03 4.629398741407681483e-01
1.328798320896952873e+03 4.638257774213717100e-01
1.330452575774934303e+03 4.469463656566224907e-01
1.332106272824105645e+03 4.239809581252143023e-01
1.333759412284131258e+03 4.131733298078213990e-01
1.335411994394511566e+03 4.078245344553325102e-01
1.337064019394655816e+03 3.910604077000728873e-01
1.338715487523794309e+03 3.648550564822716225e-01
1.340366399021048437e+03 3.592142236137237377e-01
1.342016754125398847e+03 3.542344086280824755e-01
1.343666553075694537e+03 3.370856530370741067e-01
1.345315796110644214e+03 3.398199339850741518e-01
1.346964483468818571e+03 3.300902615372560134e-01
1.348612615388672793e+03 3.280865068013541497e-01
1.350260192108507226e+03 3.282698488669888448e-01
1.351907213866495795e+03 3.309563767379033461e-01
1.353553680900681456e+03 3.142427378379809566e-01
1.355199593448967335e+03 3.038837455503268781e-01
1.356844951749131269e+03 3.086000029709794479e-01
1.358489756038801488e+03 3.180853665179989576e-01
1.360134006555495489e+03 3.303829265850111718e-01
1.361777703536582976e+03 3.239503463441287257e-01
1.363420847219291318e+03 3.065669147323600852e-01
1.365063437840735787e+03 3.073463432674243823e-01
1.366705475637880227e+03 3.131933553363330236e-01
1.368346960847562741e+03 3.156831279190009942e-01
1.369987893706500245e+03 3.120483619805112796e-01
1.371628274451255720e+03 3.099017748697315278e-01
1.373268103318270050e+03 3.140988089435730601e-01
1.374907380543838372e+03 3.159781358804621409e-01
1.376546106364157367e+03 3.101408235381323819e-01
1.378184281015245915e+03 3.057380893656312382e-01
1.379821904733031261e+03 3.028056711666072265e-01
1.381458977753274212e+03 3.075522466552815803e-01
1.383095500311631668e+03 3.032605509343248573e-01
1.384731472643604093e+03 2.960250509677652131e-01
1.386366894984575765e+03 2.885305001646157330e-01
1.388001767569797494e+03 2.864304309200086940e-01
1.389636090634375705e+03 2.903128825157093029e-01
1.391269864413299956e+03 2.866669183060892023e-01
1.392903089141421560e+03 2.839354387180755834e-01
1.394535765053462683e+03 2.843004171778381606e-01
1.396167892384009974e+03 2.841326814582223470e-01
1.397799471367519800e+03 2.971383336834803046e-01
1.399430502238315739e+03 2.996429686709655149e-01
1.401060985230601318e+03 2.987198609529566617e-01
1.402690920578432724e+03 2.966190164705841958e-01
1.404320308515736997e+03 2.983500192033834431e-01
1.405949149276325670e+03 3.119673720866255606e-01
1.407577443093862939e+03 3.187379905239754452e-01
1.409205190201894311e+03 3.358217779596305297e-01
1.410832390833818636e+03 3.512324163188040860e-01
1.412459045222921532e+03 3.645556822769905891e-01
1.414085153602351284e+03 3.778546289172826644e-01
1.415710716205115887e+03 4.033945513130774430e-01
1.417335733264108512e+03 4.172193595681203404e-01
1.418960205012090228e+03 4.422676441990190388e-01
1.420584131681675672e+03 4.800755440223614112e-01
1.422207513505369889e+03 5.142193023518177863e-01
1.423830350715532859e+03 5.226436246186615397e-01
1.425452643544412695e+03 5.444041059879884958e-01
1.427074392224096982e+03 5.461536934561410650e-01
1.428695596986577357e+03 5.516427601752116328e-01
1.430316258063692658e+03 5.574392868788187183e-01
1.431936375687166901e+03 5.630067058700698457e-01
1.433555950088587224e+03 5.478187931055582549e-01
1.435174981499407295e+03 5.505043027705344150e-01
1.436793470150955955e+03 5.450606563611735123e-01
1.438411416274438579e+03 5.331458125216577137e-01
1.440028820100922985e+03 5.136915965329806877e-01
1.441645681861353978e+03 5.123965077658825251e-01
1.443262001786547216e+03 4.971390154427259289e-01
1.444877780107181252e+03 4.790920954291558731e-01
1.446493017053817084e+03 4.699618159322723754e-01
1.448107712856875651e+03 4.573385712879556864e-01
1.449721867746661474e+03 4.458704731675328659e-01
1.451335481953335830e+03 4.414334264531296625e-01
1.452948555706949946e+03 4.273011325694810458e-01
1.454561089237414535e+03 4.316407237919663853e-01
1.456173082774515478e+03 4.350041648068772027e-01
1.457784536547907237e+03 4.391727100313541077e-01
1.459395450787128311e+03 4.329563560377378550e-01
1.461005825721568499e+03 4.467107894299147675e-01
1.462615661580504366e+03 4.747106529825261823e-01
1.464224958593086967e+03 4.880614172755343705e-01
1.465833716988327069e+03 4.940495550117480206e-01
1.467441936995118567e+03 5.045507427017476010e-01
1.469049618842228710e+03 5.151941330443186029e-01
1.470656762758294235e+03 5.263099998580630379e-01
1.472263368971812724e+03 5.240293616993665360e-01
1.473869437711175578e+03 5.188565341977503520e-01
1.475474969204634135e+03 5.198135395345943044e-01
1.477079963680315586e+03 5.221375599109020493e-01
1.478684421366221159e+03 5.201338926904788273e-01
1.480288342490228388e+03 5.140437713219619953e-01
1.481891727280075656e+03 5.032171447925636310e-01
1.483494575963388570e+03 4.959368434472672948e-01
1.485096888767662676e+03 4.830614156811856574e-01
1.486698665920258236e+03 4.759471916732039842e-01
1.488299907648427279e+03 4.774072328238820884e-01
1.489900614179274271e+03 4.665176147264119555e-01
1.491500785739789990e+03 4.436381242424815574e-01
1.493100422556837430e+03 4.342166525655214993e-01
1.494699524857152710e+03 4.276125196034303300e-01
1.496298092867352807e+03 4.103186227298895039e-01
1.497896126813914407e+03 3.833460049121160118e-01
1.499493626923195961e+03 3.818227725081759227e-01
1.501090593421432914e+03 3.769496677141446761e-01
1.502687026534739971e+03 3.621397660424642839e-01
1.504282926489084275e+03 3.385737691116949000e-01
1.505878293510332924e+03 3.144014230852713032e-01
1.507473127824211133e+03 3.061225255765170350e-01
1.509067429656337254e+03 3.033160239117805856e-01
1.510661199232178433e+03 2.879674850151093257e-01
1.512254436777099954e+03 2.661326406568845782e-01
1.513847142516331360e+03 2.627355169684300051e-01
1.515439316674965767e+03 2.445648410006105999e-01
1.517030959478004434e+03 2.263392762391600588e-01
1.518622071150289912e+03 2.147521479507513986e-01
1.520212651916559935e+03 2.137062894100958954e-01
1.521802702001428543e+03 2.130294465106428448e-01
1.523392221629365395e+03 2.115378779937672482e-01
1.524981211024732829e+03 1.993191984134110584e-01
1.526569670411770176e+03 1.995020644557550515e-01
1.528157600014594209e+03 2.079977688546643666e-01
1.529745000057171410e+03 2.129945264511818870e-01
1.531331870763382767e+03 2.044828904711499806e-01
1.532918212356957156e+03 2.258903728213597639e-01
1.534504025061512948e+03 2.170361222027105130e-01
1.536089309100534138e+03 2.219116825850172559e-01
1.537674064697398308e+03 2.236788125363290136e-01
1.539258292075342752e+03 2.207379148038800254e-01
1.540841991457485847e+03 2.254785662634740395e-01
1.542425163066830009e+03 2.295293856816093547e-01
1.544007807126252828e+03 2.422679927207314621e-01
1.545589923858488419e+03 2.371267116815103937e-01
1.547171513486175627e+03 2.263652883232666335e-01
1.548752576231817102e+03 2.326251424662343636e-01
1.550333112317792711e+03 2.305191652754335629e-01
1.551913121966362951e+03 2.405900862394512174e-01
1.553492605399654394e+03 2.463695624610581225e-01
1.555071562839694252e+03 2.505574376830098093e-01
1.556649994508361488e+03 2.630760295341919019e-01
1.558227900627430017e+03 2.549794798255207162e-01
1.559805281418541426e+03 2.654427778392161041e-01
1.561382137103221339e+03 2.536177993855540658e-01
1.562958467902860093e+03 2.596693226525489395e-01
1.564534274038752756e+03 2.776603439003512142e-01
1.566109555732051376e+03 2.774947080588182624e-01
1.567684313203782949e+03 2.701412339037725374e-01
1.569258546674857143e+03 2.739260304852250694e-01
1.570832256366075626e+03 2.613657410948467819e-01
1.572405442498102730e+03 2.524678735324653034e-01
1.573978105291482734e+03 2.478606495611543337e-01
1.575550244966645778e+03 2.526093902039689976e-01
1.577121861743891486e+03 2.521936813067392480e-01
1.578692955843404206e+03 2.521602529976501028e-01
1.580263527485251416e+03 2.484006078306854881e-01
1.581833576889363030e+03 2.488591387111842024e-01
1.583403104275558462e+03 2.556542090564110081e-01
1.584972109863545711e+03 2.689789488868046807e-01
1.586540593872890213e+03 2.694346406597635801e-01
1.588108556523057132e+03 2.783962977245391102e-01
1.589675998033369979e+03 2.830065464756302274e-01
1.591242918623054265e+03 2.863376230800919742e-01
1.592809318511204310e+03 2.903668775762169862e-01
1.594375197916784373e+03 2.828635844257155196e-01
1.595940557058650029e+03 2.914125101943811358e-01
1.597505396155534299e+03 2.972289893214190015e-01
1.599069715426051289e+03 2.862897499963331094e-01
1.600633515088688455e+03 2.865503426662090458e-01
1.602196795361822751e+03 2.889331848347921894e-01
1.603759556463700164e+03 2.917764399342789305e-01
1.605321798612455950e+03 3.041242213994195809e-01
1.606883522026102810e+03 3.061693503856294241e-01
1.608444726922521568e+03 3.075928608998785840e-01
1.610005413519493914e+03 3.052242358047434490e-01
1.611565582034682620e+03 3.099288132278468222e-01
1.613125232685594256e+03 3.158642793823024930e-01
1.614684365689665810e+03 3.285076356604832992e-01
1.616242981264176024e+03 3.440224358812425942e-01
1.617801079626311548e+03 3.379922015826914428e-01
1.619358660993119656e+03 3.410974069374878570e-01
1.620915725581541210e+03 3.432086326303374069e-01
1.622472273608387241e+03 3.298876020696352440e-01
1.624028305290357139e+03 3.448355989903439389e-01
1.625583820844034335e+03 3.581692871430599556e-01
1.627138820485882889e+03 3.788478933941346605e-01
1.628693304432232708e+03 3.957224395506023229e-01
1.630247272899317295e+03 4.069298837703290150e-01
1.631800726103235775e+03 4.142034093538387030e-01
1.633353664259974494e+03 4.315355421121844226e-01
1.634906087585401337e+03 4.500206651536225455e-01
1.636457996295268458e+03 4.607730337455150926e-01
1.638009390605199997e+03 4.801023057636449876e-01
1.639560270730717093e+03 5.031045350832301644e-01
1.641110636887215605e+03 5.199863891314605580e-01
1.642660489289961333e+03 5.277331384426325878e-01
1.644209828154124125e+03 5.333406952335514317e-01
1.645758653694737177e+03 5.400173287689256085e-01
1.647306966126731368e+03 5.392594014148499593e-01
1.648854765664902743e+03 5.359037260253679547e-01
1.650402052523950033e+03 5.191534208734664979e-01
1.651948826918438499e+03 5.121099116811592689e-01
1.653495089062815623e+03 5.093160198516351045e-01
1.655040839171429980e+03 5.004620877563501491e-01
1.656586077458488717e+03 4.863092781116524765e-01
1.658130804138094163e+03 4.632318576230051166e-01
1.659675019424240190e+03 4.531535453693366078e-01
1.661218723530790157e+03 4.427783666172094845e-01
1.662761916671486915e+03 4.298361586986775285e-01
1.664304599059969860e+03 4.147164379042110882e-01
1.665846770909756970e+03 4.058007183238346305e-01
1.667388432434244123e+03 4.126556329734394901e-01
1.668929583846718515e+03 4.100629965205095373e-01
1.670470225360345694e+03 4.060465889530632255e-01
1.672010357188179796e+03 4.041045269174551313e-01
1.673549979543146037e+03 4.096116529348846069e-01
1.675089092638064130e+03 4.179112098591639679e-01
1.676627696685640103e+03 4.218505902185945011e-01
1.678165791898463112e+03 4.279891927852688127e-01
1.679703378488990211e+03 4.374720656629640936e-01
1.681240456669591595e+03 4.479755170064669278e-01
1.682777026652487166e+03 4.531834495116164874e-01
1.684313088649809970e+03 4.502504508603914490e-01
1.685848642873560038e+03 4.493165987338195722e-01
1.687383689535634176e+03 4.456206565388766139e-01
1.688918228847795490e+03 4.418203556807228649e-01
1.690452261021724553e+03 4.467258427496158535e-01
1.691985786268938682e+03 4.554775044592999644e-01
1.693518804800885846e+03 4.553032693038068235e-01
1.695051316828872586e+03 4.578753877624878732e-01
1.696583322564098353e+03 4.468382002193412861e-01
1.698114822217644132e+03 4.374635118856489702e-01
1.699645816000484501e+03 4.218926861464431521e-01
1.701176304123461478e+03 4.140693201182572003e-01
1.702706286797319990e+03 4.125715842000278188e-01
1.704235764232687188e+03 4.082115026768723398e-01
1.705764736640063120e+03 3.998191027615124460e-01
1.707293204229851426e+03 3.824609389297787265e-01
1.708821167212321598e+03 3.571366642960058790e-01
1.710348625797648538e+03 3.641040648794809931e-01
1.711875580195880048e+03 3.379273506182595144e-01
1.713402030616947059e+03 3.342071331239946375e-01
1.714927977270681595e+03 3.298488032043567220e-01
1.716453420366780165e+03 3.238734954783532016e-01
1.717978360114850375e+03 3.196952445049619507e-01
1.719502796724362724e+03 3.019584909026091224e-01
1.721026730404693126e+03 2.898388195923871091e-01
1.722550161365081294e+03 2.812581725828943169e-01
1.724073089814670084e+03 2.759239135577603586e-01
1.725595515962488435e+03 2.698008081841690720e-01
1.727117440017445688e+03 2.301438441663971879e-01
1.728638862188347275e+03 2.203480326259728006e-01
1.730159782683864250e+03 2.091599432985004059e-01
1.731680201712579901e+03 2.084209241680236302e-01
1.733200119482941318e+03 2.111474905981867434e-01
1.734719536203295547e+03 2.082060552673671849e-01
1.736238452081881405e+03 2.216157032927710269e-01
1.737756867326819929e+03 2.286588510165540045e-01
1.739274782146100051e+03 2.308985145908102332e-01
1.740792196747629987e+03 2.224509969386789798e-01
1.742309111339178571e+03 2.270122867203498429e-01
1.743825526128424144e+03 2.422178527115115276e-01
1.745341441322919991e+03 2.545942069747691994e-01
1.746856857130100025e+03 2.544768442234084938e-01
1.748371773757294022e+03 2.565320538116747096e-01
1.749886191411725804e+03 2.495382335389344508e-01
1.751400110300495726e+03 2.454569252211200314e-01
1.752913530630597506e+03 2.365548910048250186e-01
1.754426452608915497e+03 2.291803462471980191e-01
1.755938876442207402e+03 2.271047078109487971e-01
1.757450802337145888e+03 2.331639433155213159e-01
1.758962230500257192e+03 2.333374621007330563e-01
1.760473161137981378e+03 2.313050024873969657e-01
1.761983594456645733e+03 2.330972628590591567e-01
1.763493530662445892e+03 2.382971746349811237e-01
1.765002969961487224e+03 2.321964973948304756e-01
1.766511912559755729e+03 2.320561440647586626e-01
1.768020358663124398e+03 2.323080042938645839e-01
1.769528308477348901e+03 2.309393866065714007e-01
1.771035762208091683e+03 2.314466649437775525e-01
1.772542720060888769e+03 2.257938789920733436e-01
1.774049182241164090e+03 2.246509264343772849e-01
1.775555148954244487e+03 2.243966094696932534e-01
1.777060620405327199e+03 2.223547710841646263e-01
1.778565596799509876e+03 2.266860048998525778e-01
1.780070078341785575e+03 2.253371026849612935e-01
1.781574065237014565e+03 2.260525822815041275e-01
