7.767820720892717645e+02 3.784235671468730855e-01
7.786253646614931085e+02 1.915981548751345687e-01
7.804680163580744647e+02 2.604424728340250517e-01
7.823100274666711584e+02 2.577435792671086134e-01
7.841513982747665068e+02 2.186155119262138957e-01
7.859921290696747747e+02 3.340707989203908213e-01
7.878322201385398103e+02 3.317503776703661367e-01
7.896716717683360685e+02 1.922868438344586539e-01
7.915104842458670191e+02 3.272903134337648012e-01
7.933486578577661703e+02 2.379055124254429443e-01
7.951861928905010473e+02 2.840743420506065542e-01
7.970230896303675081e+02 2.980404178690215233e-01
7.988593483634896302e+02 2.546164339898734918e-01
8.006949693758297144e+02 3.207257292844201690e-01
8.025299529531704366e+02 2.005986501956890655e-01
8.043642993811364477e+02 2.934884797478581331e-01
8.061980089451780032e+02 3.132556948559223620e-01
8.080310819305765335e+02 4.169942682605130568e-01
8.098635186224465770e+02 3.088669201691221500e-01
8.116953193057341878e+02 2.141318509610254661e-01
8.135264842652155721e+02 3.060047130748443922e-01
8.153570137855037956e+02 2.615461824543139913e-01
8.171869081510370734e+02 2.743581532295576997e-01
8.190161676460904800e+02 2.208408306303356050e-01
8.208447925547710611e+02 3.332331730435816874e-01
8.226727831610168096e+02 3.427672018891643191e-01
8.245001397485987127e+02 3.083815519482074330e-01
8.263268626011187052e+02 2.237608742779644277e-01
8.281529520020174004e+02 3.768643832808057370e-01
8.299784082345619254e+02 3.042619702141455273e-01
8.318032315818536517e+02 3.190220938750995550e-01
8.336274223268297874e+02 2.203709408977095607e-01
8.354509807522618985e+02 4.337564820308202895e-01
8.372739071407489746e+02 3.271106878545918528e-01
8.390962017747285699e+02 2.814475887715622293e-01
8.409178649364694138e+02 2.646956640594846366e-01
8.427388969080760717e+02 3.138075729739172037e-01
8.445592979714866715e+02 3.225485897099443222e-01
8.463790684084714258e+02 2.370838247505771823e-01
8.481982085006366106e+02 2.609613054174854674e-01
8.500167185294233150e+02 2.906385135426916011e-01
8.518345987761034621e+02 2.847711342771596654e-01
8.536518495217862892e+02 2.921401781101612416e-01
8.554684710474194844e+02 2.237193854353411171e-01
8.572844636337765678e+02 1.551235506078095516e-01
8.590998275614741715e+02 3.120831221181515347e-01
8.609145631109611259e+02 2.824009481848706038e-01
8.627286705625173227e+02 2.959852624148793798e-01
8.645421501962645152e+02 3.023745941330061582e-01
8.663550022921548361e+02 3.185729991959319052e-01
8.681672271299812564e+02 2.010350430838099556e-01
8.699788249893665579e+02 3.589057940846576145e-01
8.717897961497727692e+02 2.842569491152046046e-01
8.736001408904959362e+02 2.021802968994061978e-01
8.754098594906728295e+02 2.368392027316897075e-01
8.772189522292692345e+02 3.125587712534950713e-01
8.790274193850902975e+02 3.760481152928295545e-01
8.808352612367798429e+02 2.469201477660056265e-01
8.826424780628148028e+02 2.448035397678681446e-01
8.844490701415112426e+02 3.027425980282171247e-01
8.862550377510217459e+02 2.520574515564894535e-01
8.880603811693324587e+02 3.672707301355916942e-01
8.898651006742701384e+02 1.319686355002201161e-01
8.916691965434981739e+02 2.900068951659054428e-01
8.934726690545168140e+02 2.822355194356839236e-01
8.952755184846618022e+02 2.835608164048811775e-01
8.970777451111071059e+02 2.587361947345274693e-01
8.988793492108685541e+02 2.599283087362373457e-01
9.006803310607940602e+02 2.419349117076555478e-01
9.024806909375710120e+02 2.703079173530565926e-01
9.042804291177255891e+02 3.875252038581263880e-01
9.060795458776231044e+02 3.262266443532808036e-01
9.078780414934642522e+02 3.020059582597222625e-01
9.096759162412888600e+02 2.864173491939156491e-01
9.114731703969782757e+02 3.857166036763371997e-01
9.132698042362482056e+02 3.441489685108992114e-01
9.150658180346533754e+02 3.631789081763847071e-01
9.168612120675905999e+02 2.544880613629250110e-01
9.186559866102946899e+02 3.383144656088325486e-01
9.204501419378351557e+02 3.735459713871390752e-01
9.222436783251250745e+02 3.657538158439829212e-01
9.240365960469183619e+02 3.607406206359510814e-01
9.258288953778030645e+02 2.931022326547562673e-01
9.276205765922097726e+02 4.106248849873340157e-01
9.294116399644061630e+02 2.876259785525941970e-01
9.312020857685058672e+02 2.977512856842607358e-01
9.329919142784555106e+02 3.536558332696245199e-01
9.347811257680453991e+02 3.934143620279441644e-01
9.365697205109039487e+02 3.024093823160312056e-01
9.383576987805014369e+02 3.709263451335892969e-01
9.401450608501475017e+02 1.684200066092895742e-01
9.419318069929919375e+02 1.729047016243100143e-01
9.437179374820269686e+02 4.015238430132135328e-01
9.455034525900844073e+02 3.045023670704788410e-01
9.472883525898356538e+02 3.264192654756348788e-01
9.490726377537954477e+02 2.390050898612508246e-01
9.508563083543160701e+02 2.857751594494533087e-01
9.526393646635942787e+02 3.383795942440342985e-01
9.544218069536669873e+02 2.789687837816612892e-01
9.562036354964126303e+02 3.730684714760732490e-01
9.579848505635501397e+02 2.232016204935539927e-01
9.597654524266411045e+02 2.241141606955943388e-01
9.615454413570899987e+02 2.912259733218319768e-01
9.633248176261398612e+02 2.675587191709846158e-01
9.651035815048799122e+02 3.608401419538222465e-01
9.668817332642357769e+02 3.470076269695788751e-01
9.686592731749816494e+02 3.102104797004682224e-01
9.704362015077304022e+02 3.530467119072288051e-01
9.722125185329383612e+02 2.250154996702747601e-01
9.739882245209025768e+02 4.030259276154947723e-01
9.757633197417650308e+02 2.657257971036257049e-01
9.775378044655100211e+02 3.251836637456197443e-01
9.793116789619665497e+02 3.726910759026991760e-01
9.810849435007995680e+02 5.083261596443910957e-01
9.828575983515266898e+02 6.316091248023225635e-01
9.846296437834986364e+02 6.051010606170329487e-01
9.864010800659219740e+02 6.330506832616411561e-01
9.881719074678388779e+02 4.462016518154740541e-01
9.899421262581319070e+02 3.463857563410097096e-01
9.917117367055376462e+02 4.234687254596152806e-01
9.934807390786220367e+02 3.748385562593660181e-01
9.952491336458052729e+02 2.422895811783037645e-01
9.970169206753590743e+02 1.932846308186155770e-01
9.987841004353821290e+02 2.940115095331545803e-01
1.000550673193824082e+03 4.742224732675593968e-01
1.002316639218481896e+03 3.003423792227323252e-01
1.004081998776993828e+03 2.595521723091885891e-01
1.005846752136849432e+03 2.651533804890457424e-01
1.007610899565375234e+03 3.582726039160881726e-01
1.009374441329743036e+03 4.031280619892587680e-01
1.011137377696972294e+03 3.097324354843336569e-01
1.012899708933922966e+03 4.055798950886047582e-01
1.014661435307316083e+03 3.138315794112402912e-01
1.016422557083698052e+03 3.239862581197834879e-01
1.018183074529466239e+03 2.304840066582512226e-01
1.019942987910869874e+03 3.284621861328774761e-01
1.021702297494004370e+03 3.729265204524221944e-01
1.023461003544796085e+03 3.945417278300946129e-01
1.025219106329035412e+03 3.672288463191896724e-01
1.026976606112349373e+03 3.175044547840874531e-01
1.028733503160211740e+03 2.407962908706519911e-01
1.030489797737951221e+03 3.591329654893069545e-01
1.032245490110723040e+03 3.828823557271289757e-01
1.034000580543548494e+03 3.763971629729634949e-01
1.035755069301282674e+03 4.832267075531592182e-01
1.037508956648637195e+03 4.491164367248409728e-01
1.039262242850168604e+03 4.253011074479742248e-01
1.041014928170267012e+03 4.268912971213342233e-01
1.042767012873194062e+03 4.088058936206150906e-01
1.044518497223027225e+03 4.092725970289842752e-01
1.046269381483724146e+03 3.988570789477455802e-01
1.048019665919071258e+03 3.804888567070809913e-01
1.049769350792706973e+03 3.093530974543993728e-01
1.051518436368104403e+03 4.422662678051323959e-01
1.053266922908605466e+03 2.319692522780439359e-01
1.055014810677384276e+03 2.820743978937805818e-01
1.056762099937481480e+03 3.020102120456468198e-01
1.058508790951748551e+03 3.543168529229953068e-01
1.060254883982935780e+03 2.570035202409612363e-01
1.062000379293598598e+03 3.130469512097353579e-01
1.063745277146169883e+03 3.882256422134916507e-01
1.065489577802907206e+03 3.793016057402333607e-01
1.067233281525934444e+03 3.851883177128951341e-01
1.068976388577212902e+03 3.631029429055265823e-01
1.070718899218557226e+03 3.274936377612611138e-01
1.072460813711639730e+03 3.790179973852739193e-01
1.074202132317967198e+03 3.821581402879256628e-01
1.075942855298905897e+03 3.776979481262340288e-01
1.077682982915657021e+03 2.831888626758522487e-01
1.079422515429294208e+03 3.932760508642147990e-01
1.081161453100718518e+03 2.241911521198380053e-01
1.082899796190694133e+03 2.882073188554681309e-01
1.084637544959824254e+03 3.064225314444841142e-01
1.086374699668575659e+03 2.848823439722222295e-01
1.088111260577252779e+03 3.708235548334219978e-01
1.089847227946015892e+03 3.278944680553041446e-01
1.091582602034875663e+03 3.614677010230779031e-01
1.093317383103684278e+03 2.575750802086185787e-01
1.095051571412155681e+03 3.025606915056086588e-01
1.096785167219859886e+03 3.441904426193488353e-01
1.098518170786187284e+03 3.668656708733141758e-01
1.100250582370417305e+03 3.905930901071646422e-01
1.101982402231651577e+03 3.890035424019989696e-01
1.103713630628854162e+03 2.632331469300629445e-01
1.105444267820844061e+03 3.626005609421580900e-01
1.107174314066277248e+03 4.150827113169840987e-01
1.108903769623684411e+03 4.067742531449572985e-01
1.110632634751417072e+03 3.803616649116424164e-01
1.112360909707698738e+03 3.218976337442803204e-01
1.114088594750607172e+03 2.492388593428649379e-01
1.115815690138058699e+03 1.705851511869697357e-01
1.117542196127826855e+03 1.707914312548723390e-01
1.119268112977531246e+03 2.193706617416928684e-01
1.120993440944658914e+03 1.699554201836372402e-01
1.122718180286544339e+03 3.323525197274286858e-01
1.124442331260351466e+03 2.267976513260288318e-01
1.126165894123120097e+03 2.350224710044506171e-01
1.127888869131748379e+03 3.918443357338952659e-01
1.129611256542968476e+03 3.126118730952768265e-01
1.131333056613364306e+03 3.282440653227078342e-01
1.133054269599395866e+03 2.720999830424794541e-01
1.134774895757338754e+03 2.175414283925736492e-01
1.136494935343360112e+03 3.538568411050651563e-01
1.138214388613460187e+03 2.722087297130437733e-01
1.139933255823484387e+03 2.417394321770033605e-01
1.141651537229157157e+03 3.283229674542590404e-01
1.143369233086027180e+03 2.488684864681853792e-01
1.145086343649524451e+03 1.523347980774874544e-01
1.146802869174909802e+03 3.334352685025569474e-01
1.148518809917305816e+03 2.191003247583023505e-01
1.150234166131691154e+03 3.124592866114748735e-01
1.151948938072904184e+03 3.054518459371807770e-01
1.153663125995612745e+03 2.941658207254662094e-01
1.155376730154371444e+03 3.160427171396396617e-01
1.157089750803568450e+03 4.017995426434697315e-01
1.158802188197448459e+03 3.266425558947068652e-01
1.160514042590119971e+03 2.847003197304648903e-01
1.162225314235534142e+03 2.814295875712724548e-01
1.163936003387499795e+03 2.535366473606762705e-01
1.165646110299688644e+03 3.342887199731712777e-01
1.167355635225624383e+03 1.823813999695076959e-01
1.169064578418668589e+03 3.170334788319849606e-01
1.170772940132068470e+03 1.875626660373050925e-01
1.172480720618898431e+03 1.589926425655495967e-01
1.174187920132095769e+03 1.851108857942827257e-01
1.175894538924472727e+03 1.457724638918374560e-01
1.177600577248669879e+03 2.576309586857324918e-01
1.179306035357191377e+03 1.678512167428266033e-01
1.181010913502414269e+03 2.611094523868051076e-01
1.182715211936540072e+03 2.944127615607288750e-01
1.184418930911662756e+03 2.114632581330342376e-01
1.186122070679695526e+03 2.141884619700218928e-01
1.187824631492432900e+03 2.709617397838833819e-01
1.189526613601511372e+03 2.387528197753998049e-01
1.191228017258447153e+03 2.138542222435399209e-01
1.192928842714578650e+03 3.596123031077517740e-01
1.194629090221115575e+03 1.895421248201063502e-01
1.196328760029147361e+03 2.748226960284202436e-01
1.198027852389579948e+03 2.212470667109228406e-01
1.199726367553197178e+03 2.430115315985017510e-01
1.201424305770655565e+03 2.140910769868824837e-01
1.203121667292431312e+03 1.890665312848562596e-01
1.204818452368884437e+03 3.171251284340061427e-01
1.206514661250227164e+03 2.620795430812642435e-01
1.208210294186529836e+03 3.642013982401429706e-01
1.209905351427715914e+03 3.929197656394696203e-01
1.211599833223561291e+03 3.387786205477781309e-01
1.213293739823712940e+03 3.502347266657574454e-01
1.214987071477669815e+03 2.940302355321179895e-01
1.216679828434782848e+03 2.436431060446027641e-01
1.218372010944271551e+03 3.277673385886506474e-01
1.220063619255208550e+03 2.403590435038185369e-01
1.221754653616512996e+03 2.331869431861180453e-01
1.223445114276992854e+03 3.282810045206360217e-01
1.225135001485277144e+03 3.111767144191596723e-01
1.226824315489875744e+03 2.735346688035084628e-01
1.228513056539153013e+03 3.581905644373054587e-01
1.230201224881338703e+03 3.546904933480573008e-01
1.231888820764497268e+03 3.793753484885639682e-01
1.233575844436589932e+03 3.523982566127047966e-01
1.235262296145395794e+03 3.947550148123699643e-01
1.236948176138591634e+03 3.642512227371517697e-01
1.238633484663678701e+03 3.765958757363537246e-01
1.240318221968041598e+03 3.106185166141761100e-01
1.242002388298914184e+03 3.763949986261984626e-01
1.243685983903391389e+03 3.676998879307838419e-01
1.245369009028435812e+03 3.346275647500114858e-01
1.247051463920849983e+03 3.143895181850441811e-01
1.248733348827314330e+03 3.097024340317476865e-01
1.250414663994359898e+03 3.255323370856945675e-01
1.252095409668387219e+03 3.348724903210686388e-01
1.253775586095649942e+03 3.121887068929219966e-01
1.255455193522251420e+03 3.249481752072718166e-01
1.257134232194181322e+03 3.636505809815981372e-01
1.258812702357267199e+03 4.407313588642994828e-01
1.260490604257204268e+03 2.657948656352392969e-01
1.262167938139545640e+03 3.502491277905475653e-01
1.263844704249721417e+03 3.846969301829289423e-01
1.265520902832992988e+03 3.246838345850960317e-01
1.267196534134518515e+03 3.389538174156089267e-01
1.268871598399274035e+03 3.392334451061450040e-01
1.270546095872135766e+03 2.710031016747331267e-01
1.272220026797823039e+03 3.432399036795437119e-01
1.273893391420918761e+03 3.017491785572664065e-01
1.275566189985862820e+03 3.937405310911467615e-01
1.277238422736967095e+03 4.446125790726550564e-01
1.278910089918388621e+03 4.009937342567173602e-01
1.280581191774174386e+03 4.865780892315884620e-01
1.282251728548201299e+03 3.677526383561194323e-01
1.283921700484228495e+03 4.389693854908124360e-01
1.285591107825871632e+03 3.689397378525619553e-01
1.287259950816604260e+03 3.988130704934205739e-01
1.288928229699760095e+03 4.239637879495182227e-01
1.290595944718547116e+03 4.135791588211182868e-01
1.292263096116034149e+03 4.731817999038080425e-01
1.293929684135141315e+03 4.163873092578666002e-01
1.295595709018655498e+03 4.322213106915508418e-01
1.297261171009232839e+03 4.326410972423274104e-01
1.298926070349387146e+03 5.267401613484133938e-01
1.300590407281488524e+03 4.410438188162945639e-01
1.302254182047788618e+03 3.606929105212846598e-01
1.303917394890380137e+03 4.883060810697975040e-01
1.305580046051229829e+03 4.534945625203250508e-01
1.307242135772174151e+03 4.526165670768906302e-01
1.308903664294904274e+03 4.615358900976093692e-01
1.310564631860979944e+03 4.051000214862059967e-01
1.312225038711808565e+03 3.424938628912858052e-01
1.313884885088682722e+03 4.233281604202857595e-01
1.315544171232748795e+03 3.928911775906845372e-01
1.317202897385018559e+03 4.322603723464610859e-01
1.318861063786364184e+03 4.138377202102903607e-01
1.320518670677530054e+03 4.904259834275733199e-01
1.322175718299107075e+03 5.437907738822007619e-01
1.323832206891576106e+03 4.525175342888824725e-01
1.325488136695268622e+03 4.763042173732037199e-01
1.327143507950372850e+03 5.947757082867661804e-01
1.328798320896952873e+03 5.253225901751586990e-01
1.330452575774934303e+03 3.591206980093892276e-01
1.332106272824105645e+03 3.242895216381588286e-01
1.333759412284131258e+03 5.067619760951488361e-01
1.335411994394511566e+03 4.051918921616787239e-01
1.337064019394655816e+03 4.235826562969289832e-01
1.338715487523794309e+03 3.047524540153317973e-01
1.340366399021048437e+03 2.911712910367117435e-01
1.342016754125398847e+03 3.336336227975606472e-01
1.343666553075694537e+03 4.174674684958256665e-01
1.345315796110644214e+03 4.103703139789098286e-01
1.346964483468818571e+03 2.370637267793451741e-01
1.348612615388672793e+03 2.970715364553624949e-01
1.350260192108507226e+03 2.695115567961046676e-01
1.351907213866495795e+03 3.181256645940564454e-01
1.353553680900681456e+03 4.352689825896790543e-01
1.355199593448967335e+03 3.165562593709294603e-01
1.356844951749131269e+03 2.827111519204119627e-01
1.358489756038801488e+03 2.931880537586936675e-01
1.360134006555495489e+03 3.631854293776196618e-01
1.361777703536582976e+03 2.336174405966789380e-01
1.363420847219291318e+03 2.964213988147149648e-01
1.365063437840735787e+03 2.889425584065236086e-01
1.366705475637880227e+03 4.014105354725778230e-01
1.368346960847562741e+03 4.047847175332381364e-01
1.369987893706500245e+03 2.473672819443503423e-01
1.371628274451255720e+03 2.440512348602232873e-01
1.373268103318270050e+03 3.251299732566366729e-01
1.374907380543838372e+03 3.470282846784074615e-01
1.376546106364157367e+03 3.205755521680410114e-01
1.378184281015245915e+03 3.232030040542330229e-01
1.379821904733031261e+03 2.100049823781017788e-01
1.381458977753274212e+03 3.425887736269717654e-01
1.383095500311631668e+03 3.096151547123033310e-01
1.384731472643604093e+03 3.372000997069509731e-01
1.386366894984575765e+03 3.563546416357251112e-01
1.388001767569797494e+03 2.151106817550865746e-01
1.389636090634375705e+03 2.962635652356409577e-01
1.391269864413299956e+03 2.779213203261124976e-01
1.392903089141421560e+03 2.674377850462515416e-01
1.394535765053462683e+03 2.381354933333961199e-01
1.396167892384009974e+03 3.001022423635560932e-01
1.397799471367519800e+03 2.527119499308086437e-01
1.399430502238315739e+03 3.024831673211503813e-01
1.401060985230601318e+03 2.795688792441540782e-01
1.402690920578432724e+03 3.412148627643385446e-01
1.404320308515736997e+03 3.545095487199515505e-01
1.405949149276325670e+03 3.581728562329237753e-01
1.407577443093862939e+03 3.238145500979782154e-01
1.409205190201894311e+03 2.677671354280157789e-01
1.410832390833818636e+03 2.443284957401540836e-01
1.412459045222921532e+03 2.571765233941878948e-01
1.414085153602351284e+03 4.498931240792193864e-01
1.415710716205115887e+03 3.271887527416576513e-01
1.417335733264108512e+03 4.904048291133557003e-01
1.418960205012090228e+03 4.490859011950635304e-01
1.420584131681675672e+03 4.877707883043904125e-01
1.422207513505369889e+03 5.007979617631639346e-01
1.423830350715532859e+03 6.391120025866664500e-01
1.425452643544412695e+03 4.758874409034511421e-01
1.427074392224096982e+03 5.432982663679012392e-01
1.428695596986577357e+03 6.602153937969201802e-01
1.430316258063692658e+03 6.327578650182072995e-01
1.431936375687166901e+03 5.425606690145002853e-01
1.433555950088587224e+03 5.665540478042547790e-01
1.435174981499407295e+03 5.096502912630347382e-01
1.436793470150955955e+03 5.094656351048388876e-01
1.438411416274438579e+03 5.515325820440691862e-01
1.440028820100922985e+03 5.620395706669264468e-01
1.441645681861353978e+03 4.720449621770383963e-01
1.443262001786547216e+03 5.054280472181892359e-01
1.444877780107181252e+03 4.834181558649304766e-01
1.446493017053817084e+03 5.291521115622470628e-01
1.448107712856875651e+03 4.187614891427601238e-01
1.449721867746661474e+03 5.283146925764198309e-01
1.451335481953335830e+03 3.987216322495328868e-01
1.452948555706949946e+03 3.111341711137636246e-01
1.454561089237414535e+03 4.090325606391202462e-01
1.456173082774515478e+03 4.126768909565854959e-01
1.457784536547907237e+03 4.358904913422759764e-01
1.459395450787128311e+03 4.232374483186028824e-01
1.461005825721568499e+03 3.499728144980544520e-01
1.462615661580504366e+03 5.311536593122694327e-01
1.464224958593086967e+03 5.661499627262649437e-01
1.465833716988327069e+03 4.646154866120069671e-01
1.467441936995118567e+03 4.599347986466408855e-01
1.469049618842228710e+03 5.500203995634789234e-01
1.470656762758294235e+03 6.191326701924898535e-01
1.472263368971812724e+03 5.558909678622102613e-01
1.473869437711175578e+03 4.785464060549357024e-01
1.475474969204634135e+03 5.514035559322711944e-01
1.477079963680315586e+03 5.403147420868840145e-01
1.478684421366221159e+03 4.722473494492434587e-01
1.480288342490228388e+03 5.060666395666072459e-01
1.481891727280075656e+03 5.092488602084870308e-01
1.483494575963388570e+03 4.751425453172903879e-01
1.485096888767662676e+03 4.854990227860259688e-01
1.486698665920258236e+03 5.279800601388243697e-01
1.488299907648427279e+03 5.521413351388032575e-01
1.489900614179274271e+03 4.367980760388285311e-01
1.491500785739789990e+03 3.984630912566769489e-01
1.493100422556837430e+03 4.097738505053732938e-01
1.494699524857152710e+03 4.620582779990854427e-01
1.496298092867352807e+03 4.883078021067018271e-01
1.497896126813914407e+03 3.862808404944353957e-01
1.499493626923195961e+03 2.575744648852530960e-01
1.501090593421432914e+03 3.715063568707296371e-01
1.502687026534739971e+03 4.128535602030231066e-01
1.504282926489084275e+03 3.377471945298759493e-01
1.505878293510332924e+03 2.554425391432939563e-01
1.507473127824211133e+03 4.200425195954874957e-01
1.509067429656337254e+03 3.448589385223334580e-01
1.510661199232178433e+03 2.468649321168890354e-01
1.512254436777099954e+03 2.028323117606224690e-01
1.513847142516331360e+03 2.224119958160417632e-01
1.515439316674965767e+03 2.952129678981378902e-01
1.517030959478004434e+03 2.267029465731527083e-01
1.518622071150289912e+03 2.026724290073456947e-01
1.520212651916559935e+03 1.726702722625505226e-01
1.521802702001428543e+03 3.003788339568759791e-01
1.523392221629365395e+03 5.556510349728029097e-02
1.524981211024732829e+03 2.195613072195317927e-01
1.526569670411770176e+03 2.174005273498378354e-01
1.528157600014594209e+03 2.353604881696788609e-01
1.529745000057171410e+03 1.953870398666388564e-01
1.531331870763382767e+03 2.060047421304103399e-01
1.532918212356957156e+03 1.608074925142191081e-01
1.534504025061512948e+03 2.287144730389370773e-01
1.536089309100534138e+03 2.961251773953481048e-01
1.537674064697398308e+03 2.276346058242433856e-01
1.539258292075342752e+03 2.067508381765251479e-01
1.540841991457485847e+03 2.910474093495875048e-01
1.542425163066830009e+03 1.221645504143901578e-01
1.544007807126252828e+03 2.710316915552118400e-01
1.545589923858488419e+03 2.547989176341085016e-01
1.547171513486175627e+03 1.630371648097000692e-01
1.548752576231817102e+03 2.581519081859443565e-01
1.550333112317792711e+03 2.053665061137076031e-01
1.551913121966362951e+03 3.688391504692798972e-01
1.553492605399654394e+03 2.395710859639164358e-01
1.555071562839694252e+03 1.092589488835620237e-01
1.556649994508361488e+03 2.756092337491703459e-01
1.558227900627430017e+03 2.678816602507788081e-01
1.559805281418541426e+03 2.329446810185844263e-01
1.561382137103221339e+03 3.346059299928875186e-01
1.562958467902860093e+03 3.008655450755775562e-01
1.564534274038752756e+03 3.007416751727029491e-01
1.566109555732051376e+03 1.690898613905608971e-01
1.567684313203782949e+03 3.204627842643570923e-01
1.569258546674857143e+03 2.387643874789977250e-01
1.570832256366075626e+03 3.061378419008599083e-01
1.572405442498102730e+03 3.071601826093865450e-01
1.573978105291482734e+03 2.737872394923086539e-01
1.575550244966645778e+03 1.869934445452754446e-01
1.577121861743891486e+03 2.745774434145625276e-01
1.578692955843404206e+03 1.964427466987263282e-01
1.580263527485251416e+03 2.029890018893813208e-01
1.581833576889363030e+03 2.500622114882818381e-01
1.583403104275558462e+03 2.213260084615225332e-01
1.584972109863545711e+03 3.158899863948296249e-01
1.586540593872890213e+03 2.383966760790171002e-01
1.588108556523057132e+03 2.647817450642490633e-01
1.589675998033369979e+03 3.122040222948725408e-01
1.591242918623054265e+03 3.485330132898037392e-01
1.592809318511204310e+03 3.335655826796062873e-01
1.594375197916784373e+03 2.795900529171103654e-01
1.595940557058650029e+03 2.950209744112566868e-01
1.597505396155534299e+03 2.537017381513840264e-01
1.599069715426051289e+03 2.867040541373606644e-01
1.600633515088688455e+03 2.656478079188980268e-01
1.602196795361822751e+03 2.333537617393128261e-01
1.603759556463700164e+03 3.324348595343394885e-01
1.605321798612455950e+03 3.287630154616651978e-01
1.606883522026102810e+03 1.918723897189281158e-01
1.608444726922521568e+03 3.513995326584389844e-01
1.610005413519493914e+03 3.597768465340206445e-01
1.611565582034682620e+03 3.108658590114644626e-01
1.613125232685594256e+03 4.308465705278041180e-01
1.614684365689665810e+03 2.761981569996923569e-01
1.616242981264176024e+03 3.023626697941013686e-01
1.617801079626311548e+03 2.395929318724115131e-01
1.619358660993119656e+03 2.851041133934503202e-01
1.620915725581541210e+03 3.977249872333512570e-01
1.622472273608387241e+03 4.678399345216546767e-01
1.624028305290357139e+03 3.625351921472801386e-01
1.625583820844034335e+03 2.850669553743765405e-01
1.627138820485882889e+03 3.939341054367809236e-01
1.628693304432232708e+03 3.340893416328097887e-01
1.630247272899317295e+03 2.843152343600797161e-01
1.631800726103235775e+03 4.406261231274885559e-01
1.633353664259974494e+03 4.490332394739769417e-01
1.634906087585401337e+03 4.670576006342338493e-01
1.636457996295268458e+03 4.707241211145944404e-01
1.638009390605199997e+03 5.210068736503450371e-01
1.639560270730717093e+03 5.478487159402619655e-01
1.641110636887215605e+03 5.531886524890824441e-01
1.642660489289961333e+03 4.884033088301958925e-01
1.644209828154124125e+03 5.122101599475984424e-01
1.645758653694737177e+03 5.467113338322394656e-01
1.647306966126731368e+03 5.373397568755163833e-01
1.648854765664902743e+03 6.263265176580231630e-01
1.650402052523950033e+03 5.342474818968687700e-01
1.651948826918438499e+03 5.287407253343417990e-01
1.653495089062815623e+03 5.441670900037105518e-01
1.655040839171429980e+03 5.126696727555131172e-01
1.656586077458488717e+03 5.109362866559595817e-01
1.658130804138094163e+03 3.689352958181660314e-01
1.659675019424240190e+03 4.109247077148160399e-01
1.661218723530790157e+03 4.814773498228341331e-01
1.662761916671486915e+03 4.493180807841036239e-01
1.664304599059969860e+03 3.816588507838423183e-01
1.665846770909756970e+03 3.724748922829022035e-01
1.667388432434244123e+03 4.233860471065141184e-01
1.668929583846718515e+03 4.146137590609438317e-01
1.670470225360345694e+03 4.018028028998588685e-01
1.672010357188179796e+03 3.463527440163828852e-01
1.673549979543146037e+03 4.128633712718184356e-01
1.675089092638064130e+03 4.443393569638197094e-01
1.676627696685640103e+03 3.824057067325866699e-01
1.678165791898463112e+03 4.372968665809244260e-01
1.679703378488990211e+03 4.279553983924140326e-01
1.681240456669591595e+03 4.422372369755671051e-01
1.682777026652487166e+03 4.637700184499742861e-01
1.684313088649809970e+03 4.667192310602512606e-01
1.685848642873560038e+03 4.821383872943606486e-01
1.687383689535634176e+03 5.061144045545070691e-01
1.688918228847795490e+03 4.618907087949137846e-01
1.690452261021724553e+03 4.701506288284637014e-01
1.691985786268938682e+03 4.120763718003444542e-01
1.693518804800885846e+03 3.721333333402955246e-01
1.695051316828872586e+03 3.966415024365523290e-01
1.696583322564098353e+03 3.861520889527221834e-01
1.698114822217644132e+03 4.961975947333902015e-01
1.699645816000484501e+03 5.600382972565000061e-01
1.701176304123461478e+03 4.648026443498264881e-01
1.702706286797319990e+03 5.104316903398523619e-01
1.704235764232687188e+03 3.847053415798948328e-01
1.705764736640063120e+03 3.587691371242977545e-01
1.707293204229851426e+03 2.988715456972003137e-01
1.708821167212321598e+03 3.260193454902988175e-01
1.710348625797648538e+03 3.556582382397727171e-01
1.711875580195880048e+03 3.486806056818411714e-01
1.713402030616947059e+03 2.938356898837635733e-01
1.714927977270681595e+03 3.052577925843197870e-01
1.716453420366780165e+03 2.814712762849982952e-01
1.717978360114850375e+03 5.414440507680523540e-01
1.719502796724362724e+03 2.224878334664162627e-01
1.721026730404693126e+03 3.437829491429814088e-01
1.722550161365081294e+03 3.108275080082801289e-01
1.724073089814670084e+03 2.331431607111621729e-01
1.725595515962488435e+03 2.800585847829945019e-01
1.727117440017445688e+03 1.605539486138913008e-01
1.728638862188347275e+03 2.153642212693995250e-01
1.730159782683864250e+03 1.994485727793425256e-01
1.731680201712579901e+03 2.465809433078459956e-01
1.733200119482941318e+03 2.141171171754942537e-01
1.734719536203295547e+03 1.052174465725618652e-01
1.736238452081881405e+03 1.147339065217478499e-01
1.737756867326819929e+03 2.207139665407853446e-01
1.739274782146100051e+03 3.026982975730350689e-01
1.740792196747629987e+03 2.631353914429569452e-01
1.742309111339178571e+03 2.477027961439791925e-01
1.743825526128424144e+03 3.080600768933335898e-01
1.745341441322919991e+03 2.928388462310121398e-01
1.746856857130100025e+03 2.240848720961610141e-01
1.748371773757294022e+03 1.536582491344020973e-01
1.749886191411725804e+03 2.642913047738738030e-01
1.751400110300495726e+03 2.724786724753401335e-01
1.752913530630597506e+03 2.508738034175824194e-01
1.754426452608915497e+03 2.194229762758179159e-01
1.755938876442207402e+03 3.253056030439631097e-01
1.757450802337145888e+03 1.862033684428145153e-01
1.758962230500257192e+03 2.028084046480205238e-01
1.760473161137981378e+03 2.101377005140883103e-01
1.761983594456645733e+03 2.117188538971150613e-01
1.763493530662445892e+03 2.012528492974195449e-01
1.765002969961487224e+03 2.203098396846999985e-01
1.766511912559755729e+03 2.662000114112028637e-01
1.768020358663124398e+03 2.501216167286431369e-01
1.769528308477348901e+03 2.705886675058666868e-01
1.771035762208091683e+03 2.766220058109595259e-01
1.772542720060888769e+03 2.581981534023061187e-01
1.774049182241164090e+03 1.846594818120240455e-01
1.775555148954244487e+03 2.055788671681861857e-01
1.777060620405327199e+03 1.950829059538629340e-01
1.778565596799509876e+03 2.172989156063827310e-01
1.780070078341785575e+03 1.390722038286733298e-01
1.781574065237014565e+03 2.077373615500434367e-01
