7.690415219601724175e+02 4.226691456610910946e-01
7.708873592790559997e+02 4.144643651097578152e-01
7.727325544549546521e+02 4.170688054563652103e-01
7.745771077763229187e+02 4.152748179229283076e-01
7.764210195314453813e+02 4.044229257889099816e-01
7.782642900084350686e+02 3.959772598729638937e-01
7.801069194952343651e+02 3.797756476075622167e-01
7.819489082796168304e+02 3.745576398794501216e-01
7.837902566491828793e+02 3.739569438426949555e-01
7.856309648913627370e+02 3.602626796000930609e-01
7.874710332934209873e+02 3.552999701093259022e-01
7.893104621424487277e+02 3.402482541464802446e-01
7.911492517253653887e+02 3.392012121884181997e-01
7.929874023289274874e+02 3.357130161643194777e-01
7.948249142397124842e+02 3.252092519960090300e-01
7.966617877441366318e+02 3.279471365073614586e-01
7.984980231284442880e+02 3.311167395142854408e-01
8.003336206787085985e+02 3.353263924063094037e-01
8.021685806808355892e+02 3.404412451432150544e-01
8.040029034205618927e+02 3.306850855109261245e-01
8.058365891834544072e+02 3.360203785860503833e-01
8.076696382549152986e+02 3.407999611909165449e-01
8.095020509201718824e+02 3.390004912679032145e-01
8.113338274642884471e+02 3.307816856711530140e-01
8.131649681721588649e+02 3.331074155660571079e-01
8.149954733285082966e+02 3.393323670140314663e-01
8.168253432178952380e+02 3.267402441400747981e-01
8.186545781247070863e+02 3.313096459067879085e-01
8.204831783331694623e+02 3.311064817427883389e-01
8.223111441273351829e+02 3.263854376557544512e-01
8.241384757910892631e+02 3.163651292714124708e-01
8.259651736081522131e+02 3.164866858297402663e-01
8.277912378620791287e+02 3.170584930389369060e-01
8.296166688362509376e+02 3.141943290112311216e-01
8.314414668138875868e+02 3.211059896296064031e-01
8.332656320780386068e+02 3.308305408995534380e-01
8.350891649115889095e+02 3.344155867335221188e-01
8.369120655972564009e+02 3.655379298706387114e-01
8.387343344175916400e+02 3.520294332734310028e-01
8.405559716549795439e+02 3.441901370199402233e-01
8.423769775916385925e+02 3.470450916863416224e-01
8.441973525096184403e+02 3.505693455531564973e-01
8.460170966908057153e+02 3.513147391885282911e-01
8.478362104169245868e+02 3.486664702613972433e-01
8.496546939695242600e+02 3.593012275755270157e-01
8.514725476299960292e+02 3.494448627429909693e-01
8.532897716795638416e+02 3.460127984000292978e-01
8.551063663992817965e+02 3.421016816238272029e-01
8.569223320700444901e+02 3.238407884256939706e-01
8.587376689725772394e+02 3.199133856438209356e-01
8.605523773874456310e+02 3.314816953288163837e-01
8.623664575950435847e+02 3.365526322568127005e-01
8.641799098756042667e+02 3.344235619179165009e-01
8.659927345091942925e+02 3.289346939080984855e-01
8.678049317757202061e+02 3.335161020972249313e-01
8.696165019549168846e+02 3.263591963768251447e-01
8.714274453263586793e+02 3.410426509591669153e-01
8.732377621694571417e+02 3.246973955427036596e-01
8.750474527634570450e+02 3.268455485799676707e-01
8.768565173874407037e+02 3.290658097136438531e-01
8.786649563203284288e+02 3.389936280142639147e-01
8.804727698408705692e+02 3.318299723347954422e-01
8.822799582276601313e+02 3.289110147042135224e-01
8.840865217591247074e+02 3.382144439191845930e-01
8.858924607135280667e+02 3.423798234111187777e-01
8.876977753689703832e+02 3.473569476555229962e-01
8.895024660033877808e+02 3.503739944001164619e-01
8.913065328945584724e+02 3.338440506041626676e-01
8.931099763200917323e+02 3.468049512361108810e-01
8.949127965574371046e+02 3.571353007703500504e-01
8.967149938838801972e+02 3.604050932074073232e-01
8.985165685765467742e+02 3.643197314249768670e-01
9.003175209123967306e+02 3.565691222234702584e-01
9.021178511682289809e+02 3.554287051426556210e-01
9.039175596206825958e+02 3.630970435873571711e-01
9.057166465462306633e+02 3.621642550890357137e-01
9.075151122211857455e+02 3.549805948144548196e-01
9.093129569217004473e+02 3.589146756224238510e-01
9.111101809237660518e+02 3.686062976304827488e-01
9.129067845032067225e+02 3.656050241875605789e-01
9.147027679356908720e+02 3.543030850756350159e-01
9.164981314967266144e+02 3.549215210878142734e-01
9.182928754616548304e+02 3.671548628073687537e-01
9.200870001056591718e+02 3.771225982585590386e-01
9.218805057037608321e+02 3.829845851248275257e-01
9.236733925308242306e+02 3.581248310432130211e-01
9.254656608615475761e+02 3.466902864077227586e-01
9.272573109704725312e+02 3.588663912339111750e-01
9.290483431319761394e+02 3.585686541759391943e-01
9.308387576202796936e+02 3.580952661836787065e-01
9.326285547094414596e+02 3.577261245987712335e-01
9.344177346733591776e+02 3.689926476301325087e-01
9.362062977857731312e+02 3.671950111975491593e-01
9.379942443202626237e+02 3.598122075327669367e-01
9.397815745502463187e+02 3.731948531392358936e-01
9.415682887489834911e+02 3.694316007762599163e-01
9.433543871895736856e+02 3.838230128684408382e-01
9.451398701449577402e+02 4.047161221942079390e-01
9.469247378879169901e+02 3.968613091757201561e-01
9.487089906910742911e+02 4.032765296040371483e-01
9.504926288268917460e+02 4.100414336353941924e-01
9.522756525676730917e+02 4.202922883250788666e-01
9.540580621855658592e+02 4.188598580798971183e-01
9.558398579525538707e+02 4.130472386938592866e-01
9.576210401404681534e+02 4.130131905376906998e-01
9.594016090209742060e+02 3.978962914116548344e-01
9.611815648655867790e+02 4.023331998530642051e-01
9.629609079456575955e+02 4.156932336575456799e-01
9.647396385323817185e+02 4.130466207255230060e-01
9.665177568967955040e+02 4.248975931656827631e-01
9.682952633097769422e+02 4.349374788589693286e-01
9.700721580420487271e+02 4.441725348436107446e-01
9.718484413641753008e+02 4.465392269211299059e-01
9.736241135465594425e+02 4.436342943630586233e-01
9.753991748594523870e+02 4.632913448015425484e-01
9.771736255729414324e+02 4.685693719788069922e-01
9.789474659569659707e+02 4.681941732014575641e-01
9.807206962813021391e+02 4.542899441645126823e-01
9.824933168155658905e+02 4.413788088114408703e-01
9.842653278292265213e+02 4.576688930769552410e-01
9.860367295915827981e+02 4.427944273523924945e-01
9.878075223717868312e+02 4.250053591221767402e-01
9.895777064388390727e+02 4.009312698867765201e-01
9.913472820615695582e+02 3.889919258246125056e-01
9.931162495086589388e+02 3.946019531450967732e-01
9.948846090486322282e+02 3.762027399705284436e-01
9.966523609498583482e+02 3.717813608296717254e-01
9.984195054805524023e+02 3.726241796489749292e-01
1.000186042908770446e+03 3.774614623841746619e-01
1.001951973502410851e+03 3.758441066278637721e-01
1.003717297529219650e+03 3.595986531965611466e-01
1.005482015256783939e+03 3.514853613355642947e-01
1.007246126952548025e+03 3.510743722850703796e-01
1.009009632883784093e+03 3.615796723454026140e-01
1.010772533317614943e+03 3.566951403366021012e-01
1.012534828521013196e+03 3.303434513638082715e-01
1.014296518760795834e+03 3.407229312338627691e-01
1.016057604303614994e+03 3.388111430735494256e-01
1.017818085415980590e+03 3.501979732658103139e-01
1.019577962364242353e+03 3.659112043414886606e-01
1.021337235414595625e+03 3.869615020998837251e-01
1.023095904833088639e+03 3.920105288620676642e-01
1.024853970885596937e+03 4.067265776004786448e-01
1.026611433837861341e+03 4.127287962041319980e-01
1.028368293955456920e+03 4.108836996221308935e-01
1.030124551503812881e+03 4.210285136137454365e-01
1.031880206748201545e+03 4.406524816694799007e-01
1.033635259953733112e+03 4.368427229147637814e-01
1.035389711385385681e+03 4.436712481093159632e-01
1.037143561307952950e+03 4.309449857194962430e-01
1.038896809986105609e+03 4.126354616656725538e-01
1.040649457684348590e+03 3.940721260056079256e-01
1.042401504667032668e+03 3.803885850966363669e-01
1.044152951198345590e+03 3.690390544419557273e-01
1.045903797542344137e+03 3.601398335038216159e-01
1.047654043962915694e+03 3.661016456721285506e-01
1.049403690723808495e+03 3.657896737630276229e-01
1.051152738088591605e+03 3.619762950093413645e-01
1.052901186320724491e+03 3.580545297759012424e-01
1.054649035683471311e+03 3.424558400192956320e-01
1.056396286439980031e+03 3.396023307941749558e-01
1.058142938853212854e+03 3.497307858758702537e-01
1.059888993186006019e+03 3.460001414110877582e-01
1.061634449701027279e+03 3.508153840536606394e-01
1.063379308660802735e+03 3.542043392460094697e-01
1.065123570327710240e+03 3.498760860050422195e-01
1.066867234963963028e+03 3.403340851803065559e-01
1.068610302831634499e+03 3.335401861678999325e-01
1.070352774192632751e+03 3.251303335147838758e-01
1.072094649308735825e+03 3.316117602768576811e-01
1.073835928441551459e+03 3.429692209083510801e-01
1.075576611852545739e+03 3.592044914029095537e-01
1.077316699803025813e+03 3.561212215380767931e-01
1.079056192554164454e+03 3.694688723816628162e-01
1.080795090366967315e+03 3.705378953195676561e-01
1.082533393502294302e+03 3.759659192855301924e-01
1.084271102220864350e+03 3.914905753751365403e-01
1.086008216783225635e+03 3.929450133543337942e-01
1.087744737449794229e+03 3.910306014556610976e-01
1.089480664480840005e+03 4.048839698994903813e-01
1.091215998136452981e+03 4.136574639846651857e-01
1.092950738676612900e+03 4.163093979773837550e-01
1.094684886361118743e+03 4.149214654994744511e-01
1.096418441449635793e+03 4.177696386586807753e-01
1.098151404201675632e+03 4.019019427879293449e-01
1.099883774876592952e+03 3.959188447184208703e-01
1.101615553733615798e+03 3.847299801399228225e-01
1.103346741031793044e+03 3.786203527026567039e-01
1.105077337030041463e+03 3.792650412079730526e-01
1.106807341987132986e+03 3.898591547426043524e-01
1.108536756161681524e+03 3.815725207094908256e-01
1.110265579812152737e+03 3.671528508641593858e-01
1.111993813196858582e+03 3.633032003665121468e-01
1.113721456573981641e+03 3.659856593670023917e-01
1.115448510201545787e+03 3.654721594945329333e-01
1.117174974337408685e+03 3.830078787625632586e-01
1.118900849239300214e+03 3.812418450912108403e-01
1.120626135164811330e+03 3.896245360285643389e-01
1.122350832371361321e+03 3.883981817942900872e-01
1.124074941116225546e+03 3.851509809754382063e-01
1.125798461656554309e+03 3.787588222107410862e-01
1.127521394249311470e+03 3.829306312555119662e-01
1.129243739151350155e+03 3.769840212772855303e-01
1.130965496619360010e+03 3.795517420399622810e-01
1.132686666909875612e+03 3.638684474103102140e-01
1.134407250279302843e+03 3.626017912875965088e-01
1.136127246983882742e+03 3.527928564535241507e-01
1.137846657279725832e+03 3.490808782435459445e-01
1.139565481422779840e+03 3.432727912386688285e-01
1.141283719668854246e+03 3.487074365351069960e-01
1.143001372273608467e+03 3.511051912700823285e-01
1.144718439492565722e+03 3.460941648622499756e-01
1.146434921581076878e+03 3.470696367890881429e-01
1.148150818794378665e+03 3.430561454655608467e-01
1.149866131387541373e+03 3.440638902765994489e-01
1.151580859615491363e+03 3.414676312755079435e-01
1.153295003733019939e+03 3.377919214336508880e-01
1.155008563994755605e+03 3.289351697067313673e-01
1.156721540655189983e+03 3.233564517034636654e-01
1.158433933968671681e+03 3.110158682742882874e-01
1.160145744189405832e+03 2.848878067022084792e-01
1.161856971571431586e+03 2.821249753701189356e-01
1.163567616368671452e+03 2.776233955159738698e-01
1.165277678834881499e+03 2.657059096592473968e-01
1.166987159223674325e+03 2.723643896421419908e-01
1.168696057788537246e+03 2.558815705874416535e-01
1.170404374782789773e+03 2.622033465375234185e-01
1.172112110459608857e+03 2.614800002054881167e-01
1.173819265072045482e+03 2.697177593780983873e-01
1.175525838872980103e+03 2.806503994078614062e-01
1.177231832115177212e+03 3.000036146436048656e-01
1.178937245051224181e+03 3.045974499841885286e-01
1.180642077933587188e+03 3.042378392972466816e-01
1.182346331014578709e+03 3.117358498456879734e-01
1.184050004546382979e+03 3.220056160288036762e-01
1.185753098781011431e+03 3.254425893359803590e-01
1.187455613970344302e+03 3.246299164242533730e-01
1.189157550366142914e+03 3.345578952706167453e-01
1.190858908219980094e+03 3.359318864302781038e-01
1.192559687783312711e+03 3.492113280446748069e-01
1.194259889307464164e+03 3.597524151395299907e-01
1.195959513043578909e+03 3.612132371063244141e-01
1.197658559242685897e+03 3.771947287891600498e-01
1.199357028155662874e+03 3.807989044699613412e-01
1.201054920033249800e+03 3.691870911135154421e-01
1.202752235126034520e+03 3.756570612815796073e-01
1.204448973684458679e+03 3.798220757912283974e-01
1.206145135958837045e+03 3.799438629444431559e-01
1.207840722199329775e+03 3.708906495504014078e-01
1.209535732655957190e+03 3.767908302371683060e-01
1.211230167578598639e+03 3.599625088377981230e-01
1.212924027216991362e+03 3.579879682911084604e-01
1.214617311820717077e+03 3.549288103312320808e-01
1.216310021639247225e+03 3.629385753572053064e-01
1.218002156921872938e+03 3.667615386582175896e-01
1.219693717917764388e+03 3.840313396712176086e-01
1.221384704875947136e+03 3.871957372487867532e-01
1.223075118045311456e+03 3.958232125223663522e-01
1.224764957674582774e+03 4.122548701504444857e-01
1.226454224012379882e+03 4.216704482804735643e-01
1.228142917307144216e+03 4.251285161940180912e-01
1.229831037807208531e+03 4.358304532755808980e-01
1.231518585760731639e+03 4.370864315675690448e-01
1.233205561415758666e+03 4.407708050602852090e-01
1.234891965020175803e+03 4.347239774341655760e-01
1.236577796821738730e+03 4.363175565196925065e-01
1.238263057068064427e+03 4.316793757180998892e-01
1.239947746006610032e+03 4.163986989280789031e-01
1.241631863884715813e+03 4.065363085329705140e-01
1.243315410949560146e+03 4.068153845678595948e-01
1.244998387448202720e+03 3.969801122205307564e-01
1.246680793627550202e+03 3.902768159600191744e-01
1.248362629734358507e+03 3.941219986078601800e-01
1.250043896015268274e+03 3.899390638262815179e-01
1.251724592716763027e+03 3.939441263560121698e-01
1.253404720085185772e+03 4.006141909975132198e-01
1.255084278366744229e+03 3.930992798147296963e-01
1.256763267807518559e+03 3.997495257026653648e-01
1.258441688653417032e+03 4.040801589675996341e-01
1.260119541150251507e+03 4.133187577883983277e-01
1.261796825543645809e+03 4.088390988887815602e-01
1.263473542079124400e+03 4.264482065697710045e-01
1.265149691002057125e+03 4.374881006930885219e-01
1.266825272557671497e+03 4.290138687497420111e-01
1.268500286991057237e+03 4.382736166700154090e-01
1.270174734547172648e+03 4.356498339890564342e-01
1.271848615470821414e+03 4.406564630305238039e-01
1.273521930006695811e+03 4.529178130466581242e-01
1.275194678399318718e+03 4.564735297648095380e-01
1.276866860893091371e+03 4.656535160545219876e-01
1.278538477732278579e+03 4.585205117547928033e-01
1.280209529160995544e+03 4.590372605307527221e-01
1.281880015423219902e+03 4.575005565360464876e-01
1.283549936762803100e+03 4.561630848618963840e-01
1.285219293423455611e+03 4.669223874791845752e-01
1.286888085648738297e+03 4.687329676106066767e-01
1.288556313682084237e+03 4.811846202841484899e-01
1.290223977766787129e+03 4.778698748820796594e-01
1.291891078146003110e+03 4.822442319750510076e-01
1.293557615062741661e+03 4.894434847537917910e-01
1.295223588759891300e+03 4.961582586400618000e-01
1.296888999480190023e+03 4.918925938112266305e-01
1.298553847466240086e+03 4.951568361236373672e-01
1.300218132960515732e+03 4.816313944417196513e-01
1.301881856205345684e+03 4.798634820844953075e-01
1.303545017442929975e+03 4.745487983641317742e-01
1.305207616915311519e+03 4.755449187651826781e-01
1.306869654864417043e+03 4.646143530406805500e-01
1.308531131532031623e+03 4.622613873723111499e-01
1.310192047159801177e+03 4.609742141563928364e-01
1.311852401989235659e+03 4.683217675470106034e-01
1.313512196261709960e+03 4.634219437181680834e-01
1.315171430218452997e+03 4.672484872691897717e-01
1.316830104100574545e+03 4.606644537337301060e-01
1.318488218149041359e+03 4.707490166100421480e-01
1.320145772604677177e+03 4.668717748649564570e-01
1.321802767708177271e+03 4.669927928063439815e-01
1.323459203700095941e+03 4.624485585107406260e-01
1.325115080820854473e+03 4.504295253005852206e-01
1.326770399310748417e+03 4.514748769201778478e-01
1.328425159409908474e+03 4.464698886190268112e-01
1.330079361358374172e+03 4.344587838279974079e-01
1.331733005396006092e+03 4.249858696047607021e-01
1.333386091762551359e+03 4.222875199783071576e-01
1.335038620697621582e+03 4.113979969185355690e-01
1.336690592440696037e+03 4.072284442261664417e-01
1.338342007231105526e+03 4.177521878286364898e-01
1.339992865308051478e+03 4.220185907751783927e-01
1.341643166910617083e+03 4.140484160739781316e-01
1.343292912277722735e+03 4.179015186315291341e-01
1.344942101648174003e+03 4.155445201521755783e-01
1.346590735260638667e+03 4.095223801905847338e-01
1.348238813353642854e+03 3.993915784381130707e-01
1.349886336165588318e+03 4.040016626855429394e-01
1.351533303934728337e+03 4.140508157649027687e-01
1.353179716899204095e+03 4.370683253001862445e-01
1.354825575297007163e+03 4.300700961812940482e-01
1.356470879365988594e+03 4.089254924880221242e-01
1.358115629343884621e+03 3.983040477559125492e-01
1.359759825468279814e+03 4.084435608704463649e-01
1.361403467976637103e+03 4.137642351850396860e-01
1.363046557106290265e+03 4.063130887539963543e-01
1.364689093094424379e+03 4.024333073909462932e-01
1.366331076178099920e+03 4.005863045994584315e-01
1.367972506594231390e+03 3.919310609090625452e-01
1.369613384579632566e+03 3.783078188165099331e-01
1.371253710370944191e+03 3.689023480217961670e-01
1.372893484204708784e+03 3.601151766994423187e-01
1.374532706317305838e+03 3.673729069586645912e-01
1.376171376945008660e+03 3.603044966045863551e-01
1.377809496323935718e+03 3.394648364551899888e-01
1.379447064690084517e+03 3.186696293163734928e-01
1.381084082279322956e+03 3.158909239212643882e-01
1.382720549327374329e+03 2.961468124845595962e-01
1.384356466069839826e+03 2.943044334819949204e-01
1.385991832742188535e+03 2.950391047928286881e-01
1.387626649579756986e+03 2.996374071025901253e-01
1.389260916817740053e+03 2.934440220419223810e-01
1.390894634691210058e+03 2.980284124679111191e-01
1.392527803435104261e+03 2.952004144138001829e-01
1.394160423284238504e+03 3.040006930158222209e-01
1.395792494473277202e+03 3.056891847550299302e-01
1.397424017236762893e+03 3.171085208024367885e-01
1.399054991809114199e+03 3.354148980615659914e-01
1.400685418424607178e+03 3.699199275568455514e-01
1.402315297317395789e+03 3.880779044718102866e-01
1.403944628721491654e+03 3.987228244919360232e-01
1.405573412870788616e+03 4.090881892949135290e-01
1.407201649999038409e+03 4.152386940596000109e-01
1.408829340339864075e+03 4.341856038518424055e-01
1.410456484126761552e+03 4.456808671004349187e-01
1.412083081593100133e+03 4.543423764890496819e-01
1.413709132972104499e+03 4.825600253009715290e-01
1.415334638496880189e+03 4.992034471042448018e-01
1.416959598400397226e+03 4.941516595049005312e-01
1.418584012915507174e+03 4.914694194516011083e-01
1.420207882274902659e+03 4.884946391716804559e-01
1.421831206711182631e+03 4.895848493675734048e-01
1.423453986456787106e+03 4.966370386405026260e-01
1.425076221744042641e+03 5.002265249583495166e-01
1.426697912805142778e+03 4.961167453777608483e-01
1.428319059872143043e+03 4.913407985014187629e-01
1.429939663176974364e+03 4.880703012401089724e-01
1.431559722951441245e+03 4.827084572603645429e-01
1.433179239427217226e+03 4.682851852596900399e-01
1.434798212835845789e+03 4.785537757823330463e-01
1.436416643408743084e+03 4.673048981455741324e-01
1.438034531377188614e+03 4.602559268776712509e-01
1.439651876972342734e+03 4.531745738241307331e-01
1.441268680425224375e+03 4.425700731336842941e-01
1.442884941966738552e+03 4.402652280824213560e-01
1.444500661827644080e+03 4.420343400524964217e-01
1.446115840238590181e+03 4.358376675977049253e-01
1.447730477430085784e+03 4.485086759007490542e-01
1.449344573632514084e+03 4.546577428085678552e-01
1.450958129076122759e+03 4.691293340252785660e-01
1.452571143991051486e+03 4.587219037498391772e-01
1.454183618607281460e+03 4.785551048748492020e-01
1.455795553154685649e+03 5.011099102815455009e-01
1.457406947863012874e+03 5.155975658213245438e-01
1.459017802961863026e+03 5.253351412710740576e-01
1.460628118680731404e+03 5.450759126739310734e-01
1.462237895248971427e+03 5.606883651631244803e-01
1.463847132895815548e+03 5.882153189523563475e-01
1.465455831850357072e+03 5.896042968358143899e-01
1.467063992341574249e+03 5.934836529692372187e-01
1.468671614598315500e+03 5.974345674309157195e-01
1.470278698849294187e+03 6.000998089204199193e-01
1.471885245323108393e+03 6.050643889755743521e-01
1.473491254248221594e+03 5.946545684374423546e-01
1.475096725852964028e+03 5.941539214758829734e-01
1.476701660365551788e+03 5.894142030412101718e-01
1.478306058014067048e+03 5.769587075079318783e-01
1.479909919026461239e+03 5.637039111874850850e-01
1.481513243630572788e+03 5.530559985908289899e-01
1.483116032054095967e+03 5.423757102639080729e-01
1.484718284524609999e+03 5.220865824116472931e-01
1.486320001269563136e+03 5.102952356236163389e-01
1.487921182516277213e+03 5.161084811998315480e-01
1.489521828491957194e+03 4.932966784723611386e-01
1.491121939423665708e+03 4.742791178238205951e-01
1.492721515538344192e+03 4.695416095401463430e-01
1.494320557062817215e+03 4.693115335406405908e-01
1.495919064223779742e+03 4.570749438503636242e-01
1.497517037247785765e+03 4.342974316528314671e-01
1.499114476361286961e+03 4.103137788055448709e-01
1.500711381790588348e+03 4.069741738899416150e-01
1.502307753761893082e+03 3.947718544276631047e-01
1.503903592501251524e+03 3.866950748775387359e-01
1.505498898234609896e+03 3.576047096424654348e-01
1.507093671187778682e+03 3.536733088348896215e-01
1.508687911586434211e+03 3.383327891013541144e-01
1.510281619656155726e+03 3.208628382416765512e-01
1.511874795622370129e+03 3.043396791544548674e-01
1.513467439710389954e+03 2.973942400578524770e-01
1.515059552145411317e+03 2.933509863261972717e-01
1.516651133152484135e+03 2.948520541971693110e-01
1.518242182956546912e+03 2.756970609168660769e-01
1.519832701782419917e+03 2.800288370775551039e-01
1.521422689854795635e+03 2.779904380201937419e-01
1.523012147398218531e+03 2.828839506467188958e-01
1.524601074637147121e+03 2.813999014169544233e-01
1.526189471795882810e+03 3.006562952818514489e-01
1.527777339098627408e+03 2.888113484192943448e-01
1.529364676769435619e+03 2.981875870207928436e-01
1.530951485032261417e+03 2.973757980076464080e-01
1.532537764110917124e+03 3.046301274048723307e-01
1.534123514229094553e+03 3.117619696125508155e-01
1.535708735610370013e+03 3.150927094092149661e-01
1.537293428478197029e+03 3.272457217858569245e-01
1.538877593055881562e+03 3.311838260632361530e-01
1.540461229566634302e+03 3.192266652744734090e-01
1.542044338233532699e+03 3.222115210533869623e-01
1.543626919279527328e+03 3.193762563562102530e-01
1.545208972927446894e+03 3.344418448813177847e-01
1.546790499399995724e+03 3.212236586235316382e-01
1.548371498919765600e+03 3.274159683910200513e-01
1.549951971709208692e+03 3.376646821683095823e-01
1.551531917990670308e+03 3.307652427865992451e-01
1.553111337986358649e+03 3.411818556311246309e-01
1.554690231918368681e+03 3.316244663097321355e-01
1.556268600008660087e+03 3.308493311896625877e-01
1.557846442479097050e+03 3.433393596223222599e-01
1.559423759551398462e+03 3.395226324476705582e-01
1.561000551447157250e+03 3.248856812806591443e-01
1.562576818387853109e+03 3.152364107891025835e-01
1.564152560594854322e+03 3.166536074200099748e-01
1.565727778289387061e+03 3.116949327258574098e-01
1.567302471692566996e+03 2.992275332476271310e-01
1.568876641025384515e+03 2.967541013959283380e-01
1.570450286508708587e+03 2.973698577833727708e-01
1.572023408363285625e+03 2.892983561172635110e-01
1.573596006809748815e+03 2.823813402782658910e-01
1.575168082068587182e+03 2.900208747384732111e-01
1.576739634360191531e+03 2.989597273826245516e-01
1.578310663904824423e+03 3.129037593490159308e-01
1.579881170922619958e+03 3.194649558372570919e-01
1.581451155633602639e+03 3.210954909313843975e-01
1.583020618257660090e+03 3.197296847116415930e-01
1.584589559014575798e+03 3.241639342674467184e-01
1.586157978124005695e+03 3.297984211811593180e-01
1.587725875805475880e+03 3.294957227909786623e-01
1.589293252278399905e+03 3.368792620958778739e-01
1.590860107762075813e+03 3.468095434045933567e-01
1.592426442475668637e+03 3.305529619658222895e-01
1.593992256638231538e+03 3.261099597521762150e-01
1.595557550468697173e+03 3.339981319099842860e-01
1.597122324185870184e+03 3.341327136159230049e-01
1.598686578008444485e+03 3.480150825390022629e-01
1.600250312154986887e+03 3.531572639274797032e-01
1.601813526843938689e+03 3.595850849609504851e-01
1.603376222293635465e+03 3.629867289484569048e-01
1.604938398722297052e+03 3.596850458971811437e-01
1.606500056347985719e+03 3.663750712403346932e-01
1.608061195388694159e+03 3.720263955314088711e-01
1.609621816062254311e+03 3.826017947056306601e-01
1.611181918586408301e+03 3.781516057556914001e-01
1.612741503178760013e+03 3.770201407940240168e-01
1.614300570056798733e+03 3.788100749278878188e-01
1.615859119437892787e+03 3.546474996696874493e-01
1.617417151539292945e+03 3.613662782156345510e-01
1.618974666578135611e+03 3.684350565558356938e-01
1.620531664771437136e+03 3.773873305693175029e-01
1.622088146336076989e+03 3.880293868019274450e-01
1.623644111488842782e+03 3.933727818330627901e-01
1.625199560446384112e+03 4.017325553265178040e-01
1.626754493425235751e+03 4.232672912957708422e-01
1.628308910641818784e+03 4.386151577801516432e-01
1.629862812312431288e+03 4.509584692070441880e-01
1.631416198653249694e+03 4.672461270209903317e-01
1.632969069880342659e+03 4.890783540412493857e-01
1.634521426209654237e+03 5.038388528621757789e-01
1.636073267856998427e+03 5.018265134157054996e-01
1.637624595038095777e+03 4.941248220669622881e-01
1.639175407968522904e+03 4.964084124662547226e-01
1.640725706863758660e+03 4.875479323929857167e-01
1.642275491939147059e+03 4.836293662795453918e-01
1.643824763409930029e+03 4.667231487454517325e-01
1.645373521491221254e+03 4.487242772964469273e-01
1.646921766398014142e+03 4.396709065622181889e-01
1.648469498345200236e+03 4.364327305301333726e-01
1.650016717547531243e+03 4.325457949948272041e-01
1.651563424219655872e+03 4.195950895088985666e-01
1.653109618576110051e+03 4.182371124584491895e-01
1.654655300831299883e+03 4.301962532293869268e-01
1.656200471199512776e+03 4.277924103777033249e-01
1.657745129894930187e+03 4.246627006227252643e-01
1.659289277131612835e+03 4.175432429952936064e-01
1.660832913123495700e+03 4.364445464710655642e-01
1.662376038084411221e+03 4.554694675191629516e-01
1.663918652228064047e+03 4.664458749730495124e-01
1.665460755768049921e+03 4.684103816604503479e-01
1.667002348917834297e+03 4.827825860557399817e-01
1.668543431890775992e+03 4.964788015542511146e-01
1.670084004900120135e+03 5.097173187431822683e-01
1.671624068158997261e+03 5.135986324718431195e-01
1.673163621880399887e+03 5.292210162213604185e-01
1.674702666277238450e+03 5.540181071073956298e-01
1.676241201562272636e+03 5.746763289941184683e-01
1.677779227948170274e+03 5.726393191989306297e-01
1.679316745647470043e+03 5.808500591516791989e-01
1.680853754872605577e+03 5.805676875158313210e-01
1.682390255835874541e+03 5.819182649975351840e-01
1.683926248749495699e+03 5.791608095031309800e-01
1.685461733825521378e+03 5.799456931132954685e-01
1.686996711275934331e+03 5.639569758473734762e-01
1.688531181312577246e+03 5.640039289032855452e-01
1.690065144147181627e+03 5.602536966727151846e-01
1.691598599991365745e+03 5.410675239159153938e-01
1.693131549056636004e+03 5.164526884054564393e-01
1.694663991554368522e+03 5.094694488661404286e-01
1.696195927695840055e+03 4.967415042630223265e-01
1.697727357692212763e+03 4.824965980913909491e-01
1.699258281754517157e+03 4.754765029312627567e-01
1.700788700093688703e+03 4.638833007416228726e-01
1.702318612920528267e+03 4.457553290760817299e-01
1.703848020445741440e+03 4.672099136956953114e-01
1.705376922879909898e+03 4.433938598208387316e-01
1.706905320433492761e+03 4.263143246931047070e-01
1.708433213316848423e+03 4.257259507806352428e-01
1.709960601740209995e+03 4.230321728846772600e-01
1.711487485913710088e+03 4.113988098643059366e-01
1.713013866047347165e+03 3.934026200039418830e-01
1.714539742351027371e+03 3.815765727181952838e-01
1.716065115034518612e+03 3.754743615528232104e-01
1.717589984307489885e+03 3.724932586244087407e-01
1.719114350379501275e+03 3.694834545228531386e-01
1.720638213459984399e+03 3.353648486231698977e-01
1.722161573758272880e+03 3.252926239561885757e-01
1.723684431483565504e+03 3.148569828250817881e-01
1.725206786844969884e+03 3.220781341750593718e-01
1.726728640051458569e+03 3.206524500848781933e-01
1.728249991311904296e+03 3.134591002169015983e-01
1.729770840835068384e+03 3.251461682208290349e-01
1.731291188829600060e+03 3.363631289765838250e-01
1.732811035504009851e+03 3.315376572079309359e-01
1.734330381066729842e+03 3.227624907757647987e-01
1.735849225726051372e+03 3.198223726945927936e-01
1.737367569690175742e+03 3.271980371784837249e-01
1.738885413167179877e+03 3.327520500870964626e-01
1.740402756365019968e+03 3.415735727201346106e-01
1.741919599491545796e+03 3.293434631823423109e-01
1.743435942754504367e+03 3.192235344373149375e-01
1.744951786361514451e+03 3.202274812635951817e-01
1.746467130520093178e+03 3.141659672366107214e-01
1.747981975437644223e+03 3.039847669541894115e-01
1.749496321321443020e+03 3.010914065252884297e-01
1.751010168378684057e+03 2.974821142888586234e-01
1.752523516816412894e+03 3.030523928762301478e-01
1.754036366841588460e+03 3.009460936888889715e-01
1.755548718661054636e+03 3.145306096875253310e-01
1.757060572481524332e+03 3.120994700887862461e-01
1.758571928509622694e+03 3.166664430043747980e-01
1.760082786951854359e+03 3.195898522752020354e-01
1.761593148014605731e+03 3.146163595744318475e-01
1.763103011904151344e+03 3.133339247919517678e-01
1.764612378826668646e+03 3.080791167867654723e-01
1.766121248988211391e+03 3.027103901213075710e-01
1.767629622594715784e+03 3.043318681193525332e-01
1.769137499852025712e+03 2.979488199051578134e-01
1.770644880965852735e+03 2.890967730016412163e-01
1.772151766141809958e+03 2.828506902768946341e-01
1.773658155585404529e+03 2.807816778167043781e-01
1.775164049502005582e+03 2.697393715631495881e-01
