7.767820720892717645e+02 -1.324369657485080232e-01
7.786253646614931085e+02 -1.340841052221974916e-01
7.804680163580744647e+02 -1.496311074824481779e-01
7.823100274666711584e+02 -1.415159945555251042e-01
7.841513982747665068e+02 -1.303747566317385864e-01
7.859921290696747747e+02 -1.219589440198380476e-01
7.878322201385398103e+02 -1.130648907796955871e-01
7.896716717683360685e+02 -1.021179485866072489e-01
7.915104842458670191e+02 -9.603695650890708979e-02
7.933486578577661703e+02 -8.753768581825240036e-02
7.951861928905010473e+02 -7.576834288915393345e-02
7.970230896303675081e+02 -6.260890911398728220e-02
7.988593483634896302e+02 -5.381242255682090747e-02
8.006949693758297144e+02 -3.972603777502554251e-02
8.025299529531704366e+02 -3.950940655878229513e-02
8.043642993811364477e+02 -3.605645464746190521e-02
8.061980089451780032e+02 -4.127407216313978833e-02
8.080310819305765335e+02 -4.763665820420585895e-02
8.098635186224465770e+02 -5.582202033743310227e-02
8.116953193057341878e+02 -4.492882036340228175e-02
8.135264842652155721e+02 -3.733969964821060722e-02
8.153570137855037956e+02 -4.076536659849950422e-02
8.171869081510370734e+02 -4.710178945530048289e-02
8.190161676460904800e+02 -4.253115522034189855e-02
8.208447925547710611e+02 -4.527551692933485389e-02
8.226727831610168096e+02 -4.196499174875698013e-02
8.245001397485987127e+02 -3.715775725453981937e-02
8.263268626011187052e+02 -2.607167724157060870e-02
8.281529520020174004e+02 -2.107282811165876735e-02
8.299784082345619254e+02 -1.084207873905880179e-02
8.318032315818536517e+02 -7.052452989634820993e-03
8.336274223268297874e+02 -9.806703085712324339e-03
8.354509807522618985e+02 -9.090597771114714357e-03
8.372739071407489746e+02 -5.015256427716803869e-03
8.390962017747285699e+02 -2.246356048821213092e-02
8.409178649364694138e+02 -3.342660781920047536e-02
8.427388969080760717e+02 -4.012537725298186836e-02
8.445592979714866715e+02 -6.472324427987560802e-02
8.463790684084714258e+02 -7.030902919134776607e-02
8.481982085006366106e+02 -7.810492723301906692e-02
8.500167185294233150e+02 -7.817483341336685376e-02
8.518345987761034621e+02 -8.008951599605571015e-02
8.536518495217862892e+02 -8.245511968224913946e-02
8.554684710474194844e+02 -8.164085035302157123e-02
8.572844636337765678e+02 -8.486750089939183728e-02
8.590998275614741715e+02 -8.045897809718995097e-02
8.609145631109611259e+02 -7.082079734132225302e-02
8.627286705625173227e+02 -6.695642467075242632e-02
8.645421501962645152e+02 -5.687370249177871318e-02
8.663550022921548361e+02 -5.175358904660126713e-02
8.681672271299812564e+02 -4.900960594562528416e-02
8.699788249893665579e+02 -4.826554349410550060e-02
8.717897961497727692e+02 -4.936200046601516706e-02
8.736001408904959362e+02 -4.852601633319820335e-02
8.754098594906728295e+02 -5.307396962275993252e-02
8.772189522292692345e+02 -5.196393186958225829e-02
8.790274193850902975e+02 -5.153505126539833364e-02
8.808352612367798429e+02 -5.582044662933854928e-02
8.826424780628148028e+02 -5.744587729835703982e-02
8.844490701415112426e+02 -5.238839092873517206e-02
8.862550377510217459e+02 -5.806878980451966876e-02
8.880603811693324587e+02 -5.579809562677559565e-02
8.898651006742701384e+02 -6.343548404679286157e-02
8.916691965434981739e+02 -7.319211653979583454e-02
8.934726690545168140e+02 -7.503891625125831688e-02
8.952755184846618022e+02 -7.230853087476168950e-02
8.970777451111071059e+02 -6.858292372873774079e-02
8.988793492108685541e+02 -5.798614101240851665e-02
9.006803310607940602e+02 -5.690624949038435021e-02
9.024806909375710120e+02 -5.853571643276613001e-02
9.042804291177255891e+02 -5.617701349934928895e-02
9.060795458776231044e+02 -5.285364337405486918e-02
9.078780414934642522e+02 -4.548922811542122080e-02
9.096759162412888600e+02 -3.722279677346149868e-02
9.114731703969782757e+02 -3.292649342911918575e-02
9.132698042362482056e+02 -2.331680506798623417e-02
9.150658180346533754e+02 -1.856810690451220214e-02
9.168612120675905999e+02 -2.551349786689257118e-02
9.186559866102946899e+02 -2.533067199062307914e-02
9.204501419378351557e+02 -2.221952315145739668e-02
9.222436783251250745e+02 -1.891443112972054919e-02
9.240365960469183619e+02 -1.866860670928841004e-02
9.258288953778030645e+02 -2.815327080597389287e-02
9.276205765922097726e+02 -3.376452253415449661e-02
9.294116399644061630e+02 -3.666179307999062331e-02
9.312020857685058672e+02 -3.044985397818064654e-02
9.329919142784555106e+02 -3.654704699902421028e-02
9.347811257680453991e+02 -4.501558615455239498e-02
9.365697205109039487e+02 -4.368147324060561026e-02
9.383576987805014369e+02 -5.086314156759053767e-02
9.401450608501475017e+02 -5.491408077280519190e-02
9.419318069929919375e+02 -6.726934255278531338e-02
9.437179374820269686e+02 -6.686045512252833389e-02
9.455034525900844073e+02 -6.988179493468088532e-02
9.472883525898356538e+02 -7.684088698114599492e-02
9.490726377537954477e+02 -8.650715503999142908e-02
9.508563083543160701e+02 -9.583546221523561726e-02
9.526393646635942787e+02 -1.059720922957733957e-01
9.544218069536669873e+02 -1.102959268993064373e-01
9.562036354964126303e+02 -1.115895314291376617e-01
9.579848505635501397e+02 -1.164827662337724890e-01
9.597654524266411045e+02 -1.202604036653465297e-01
9.615454413570899987e+02 -1.127123777421852185e-01
9.633248176261398612e+02 -1.172055851355800343e-01
9.651035815048799122e+02 -1.058936148126993354e-01
9.668817332642357769e+02 -1.005351406296133288e-01
9.686592731749816494e+02 -9.570095422992574985e-02
9.704362015077304022e+02 -9.555399574285225461e-02
9.722125185329383612e+02 -7.317100223605146891e-02
9.739882245209025768e+02 -5.192648325518051111e-02
9.757633197417650308e+02 -3.976083088817518318e-02
9.775378044655100211e+02 -2.299197266444736112e-02
9.793116789619665497e+02 -1.299583091332958719e-02
9.810849435007995680e+02 -1.069643977036918020e-02
9.828575983515266898e+02 -1.231228786436761730e-02
9.846296437834986364e+02 -2.015280334673459281e-02
9.864010800659219740e+02 -2.190816965350538686e-02
9.881719074678388779e+02 -1.999476179174273019e-02
9.899421262581319070e+02 -1.423631429044768318e-02
9.917117367055376462e+02 -3.362673368112858996e-02
9.934807390786220367e+02 -4.886742664561938287e-02
9.952491336458052729e+02 -6.249189371611679755e-02
9.970169206753590743e+02 -7.186301382367982216e-02
9.987841004353821290e+02 -6.791721957055085745e-02
1.000550673193824082e+03 -6.836885546846704909e-02
1.002316639218481896e+03 -6.030930501892434875e-02
1.004081998776993828e+03 -5.309325871177317246e-02
1.005846752136849432e+03 -4.743225950990029305e-02
1.007610899565375234e+03 -4.038757612681203452e-02
1.009374441329743036e+03 -4.454544790458326436e-02
1.011137377696972294e+03 -4.155092966734267451e-02
1.012899708933922966e+03 -2.683907951273760417e-02
1.014661435307316083e+03 -1.415631268761590421e-02
1.016422557083698052e+03 -1.538202494520780200e-02
1.018183074529466239e+03 -1.420368831204363302e-02
1.019942987910869874e+03 -2.609433077304993114e-03
1.021702297494004370e+03 -8.497955674180107319e-03
1.023461003544796085e+03 -8.649580183091858110e-03
1.025219106329035412e+03 -1.434863005155972981e-02
1.026976606112349373e+03 -1.558545663329483077e-02
1.028733503160211740e+03 -1.676007893109090000e-02
1.030489797737951221e+03 -1.300556739190228579e-02
1.032245490110723040e+03 -2.281572734223039772e-02
1.034000580543548494e+03 -2.752120360129104576e-02
1.035755069301282674e+03 -2.185394786385399732e-02
1.037508956648637195e+03 -2.460306874968151009e-02
1.039262242850168604e+03 -3.152771263846785438e-02
1.041014928170267012e+03 -3.224339643237966041e-02
1.042767012873194062e+03 -3.367338416529515321e-02
1.044518497223027225e+03 -3.407693183865006387e-02
1.046269381483724146e+03 -3.405398139022433601e-02
1.048019665919071258e+03 -2.886393888281370973e-02
1.049769350792706973e+03 -2.163351202156753306e-02
1.051518436368104403e+03 -2.572832471964806023e-02
1.053266922908605466e+03 -2.553446218250297189e-02
1.055014810677384276e+03 -3.340963387949113378e-02
1.056762099937481480e+03 -3.487543226198222546e-02
1.058508790951748551e+03 -3.063482978049461569e-02
1.060254883982935780e+03 -2.182671496058836286e-02
1.062000379293598598e+03 -1.666190066251654195e-02
1.063745277146169883e+03 -4.403237003749505864e-04
1.065489577802907206e+03 -1.470256746238907987e-03
1.067233281525934444e+03 9.141090998597015127e-03
1.068976388577212902e+03 -2.140332575534361487e-03
1.070718899218557226e+03 6.859124106958092854e-03
1.072460813711639730e+03 3.109577430661934587e-03
1.074202132317967198e+03 3.559003404668144299e-03
1.075942855298905897e+03 3.727532026552116823e-03
1.077682982915657021e+03 3.018659794152449456e-03
1.079422515429294208e+03 -2.760893156294524572e-03
1.081161453100718518e+03 -1.408191467014764144e-02
1.082899796190694133e+03 -3.191266665217846327e-02
1.084637544959824254e+03 -4.015512952182817563e-02
1.086374699668575659e+03 -6.033344005819830935e-02
1.088111260577252779e+03 -5.585686481942160608e-02
1.089847227946015892e+03 -6.368583242092057395e-02
1.091582602034875663e+03 -6.408303960258820986e-02
1.093317383103684278e+03 -5.637418453210078784e-02
1.095051571412155681e+03 -5.838608031655726643e-02
1.096785167219859886e+03 -6.517415630857427422e-02
1.098518170786187284e+03 -6.992409071342522986e-02
1.100250582370417305e+03 -6.540513515253897070e-02
1.101982402231651577e+03 -6.229956959385102994e-02
1.103713630628854162e+03 -5.930023788617906633e-02
1.105444267820844061e+03 -4.827998130294975515e-02
1.107174314066277248e+03 -5.807918245456660661e-02
1.108903769623684411e+03 -6.471524875047238168e-02
1.110632634751417072e+03 -7.417129661915825012e-02
1.112360909707698738e+03 -9.472945078068931157e-02
1.114088594750607172e+03 -9.903998497010554902e-02
1.115815690138058699e+03 -1.030990699930037641e-01
1.117542196127826855e+03 -1.050485129033571496e-01
1.119268112977531246e+03 -1.025561276248973669e-01
1.120993440944658914e+03 -1.113976586086935783e-01
1.122718180286544339e+03 -1.103072104109125429e-01
1.124442331260351466e+03 -1.257646457062505663e-01
1.126165894123120097e+03 -1.197298595616614891e-01
1.127888869131748379e+03 -1.114702405126338780e-01
1.129611256542968476e+03 -1.054404255536912915e-01
1.131333056613364306e+03 -9.566740546271526591e-02
1.133054269599395866e+03 -8.964156963194265526e-02
1.134774895757338754e+03 -9.180693911833567866e-02
1.136494935343360112e+03 -9.337739031528766165e-02
1.138214388613460187e+03 -1.012550262808133011e-01
1.139933255823484387e+03 -9.407278149997722050e-02
1.141651537229157157e+03 -9.424110526010284761e-02
1.143369233086027180e+03 -8.140018289014849806e-02
1.145086343649524451e+03 -7.072235083172559444e-02
1.146802869174909802e+03 -6.835191146006891483e-02
1.148518809917305816e+03 -6.200557376283200722e-02
1.150234166131691154e+03 -5.668486270528887150e-02
1.151948938072904184e+03 -5.563953154507417231e-02
1.153663125995612745e+03 -5.365490337163163204e-02
1.155376730154371444e+03 -4.044124393145084179e-02
1.157089750803568450e+03 -4.137140224516089315e-02
1.158802188197448459e+03 -4.211322731577793466e-02
1.160514042590119971e+03 -3.802168181751087311e-02
1.162225314235534142e+03 -3.988212826330731625e-02
1.163936003387499795e+03 -4.659188100185027853e-02
1.165646110299688644e+03 -4.615419133134372742e-02
1.167355635225624383e+03 -4.330131873668503079e-02
1.169064578418668589e+03 -4.681226896904765872e-02
1.170772940132068470e+03 -5.293333484105153253e-02
1.172480720618898431e+03 -4.286313400109481586e-02
1.174187920132095769e+03 -4.580560360216640037e-02
1.175894538924472727e+03 -4.048873562384221192e-02
1.177600577248669879e+03 -4.391896048296812377e-02
1.179306035357191377e+03 -4.738395406439658425e-02
1.181010913502414269e+03 -5.096806289718007477e-02
1.182715211936540072e+03 -5.691328659258032552e-02
1.184418930911662756e+03 -6.040273661800842769e-02
1.186122070679695526e+03 -6.101751187420398348e-02
1.187824631492432900e+03 -5.909501597429057951e-02
1.189526613601511372e+03 -6.173885834381404036e-02
1.191228017258447153e+03 -7.365389005313915938e-02
1.192928842714578650e+03 -8.439283468521095732e-02
1.194629090221115575e+03 -8.561622785059097573e-02
1.196328760029147361e+03 -8.618632792750122174e-02
1.198027852389579948e+03 -8.836779151467344384e-02
1.199726367553197178e+03 -9.024281690500257636e-02
1.201424305770655565e+03 -8.450521823659148946e-02
1.203121667292431312e+03 -8.786001134520167455e-02
1.204818452368884437e+03 -8.923308467843271696e-02
1.206514661250227164e+03 -9.109112040435231317e-02
1.208210294186529836e+03 -7.744330347211730858e-02
1.209905351427715914e+03 -7.620820027744078240e-02
1.211599833223561291e+03 -7.798521783100438587e-02
1.213293739823712940e+03 -7.409605844774087846e-02
1.214987071477669815e+03 -6.402867450036912877e-02
1.216679828434782848e+03 -6.546547597460009027e-02
1.218372010944271551e+03 -5.687958452401480069e-02
1.220063619255208550e+03 -5.806224408661284087e-02
1.221754653616512996e+03 -5.355655223580198243e-02
1.223445114276992854e+03 -5.891716982333819463e-02
1.225135001485277144e+03 -5.743394938975177055e-02
1.226824315489875744e+03 -6.096630415113649115e-02
1.228513056539153013e+03 -6.081398498793288282e-02
1.230201224881338703e+03 -5.705629369491835995e-02
1.231888820764497268e+03 -6.644871737499122299e-02
1.233575844436589932e+03 -7.149029604087824008e-02
1.235262296145395794e+03 -6.980989363518419477e-02
1.236948176138591634e+03 -7.495793108524673176e-02
1.238633484663678701e+03 -8.019582267289503130e-02
1.240318221968041598e+03 -8.797001973982117307e-02
1.242002388298914184e+03 -8.681801133214417376e-02
1.243685983903391389e+03 -9.000484189872889895e-02
1.245369009028435812e+03 -9.287268908981335946e-02
1.247051463920849983e+03 -8.116501662069058876e-02
1.248733348827314330e+03 -7.247947120328732118e-02
1.250414663994359898e+03 -6.093010703361965291e-02
1.252095409668387219e+03 -6.114939223092348553e-02
1.253775586095649942e+03 -5.603252871043339078e-02
1.255455193522251420e+03 -5.532595086437280124e-02
1.257134232194181322e+03 -5.020716913733487552e-02
1.258812702357267199e+03 -5.155301499580546704e-02
1.260490604257204268e+03 -5.697752436272007087e-02
1.262167938139545640e+03 -5.526892123869436152e-02
1.263844704249721417e+03 -5.909633105511890444e-02
1.265520902832992988e+03 -6.553596401550823569e-02
1.267196534134518515e+03 -7.203911282634797852e-02
1.268871598399274035e+03 -6.720661572597159961e-02
1.270546095872135766e+03 -7.252491716864488402e-02
1.272220026797823039e+03 -7.117126934277685779e-02
1.273893391420918761e+03 -6.423742756550386568e-02
1.275566189985862820e+03 -6.310757994889401590e-02
1.277238422736967095e+03 -5.775780450093933455e-02
1.278910089918388621e+03 -5.734810396174526426e-02
1.280581191774174386e+03 -5.570393704380817435e-02
1.282251728548201299e+03 -5.286517602181653452e-02
1.283921700484228495e+03 -4.646037855275245154e-02
1.285591107825871632e+03 -3.726857623786690443e-02
1.287259950816604260e+03 -3.891180395756353022e-02
1.288928229699760095e+03 -3.449806696416553298e-02
1.290595944718547116e+03 -2.950949782484945522e-02
1.292263096116034149e+03 -3.360596585484905419e-02
1.293929684135141315e+03 -4.253258916531913597e-02
1.295595709018655498e+03 -4.413275609183953119e-02
1.297261171009232839e+03 -3.584696596005210872e-02
1.298926070349387146e+03 -3.761652495053502410e-02
1.300590407281488524e+03 -4.045607488595849566e-02
1.302254182047788618e+03 -5.336010135564680373e-02
1.303917394890380137e+03 -5.581202256013720331e-02
1.305580046051229829e+03 -5.988473307902662801e-02
1.307242135772174151e+03 -4.997292045634914304e-02
1.308903664294904274e+03 -5.679407982657500020e-02
1.310564631860979944e+03 -5.395267779766636795e-02
1.312225038711808565e+03 -4.315488247996381033e-02
1.313884885088682722e+03 -2.718025377251584787e-02
1.315544171232748795e+03 -2.491610885245940793e-02
1.317202897385018559e+03 -2.147551288233091535e-02
1.318861063786364184e+03 -1.671035552847983940e-02
1.320518670677530054e+03 -8.812072733688971343e-04
1.322175718299107075e+03 -3.196220359108455696e-03
1.323832206891576106e+03 -5.615699440205726076e-03
1.325488136695268622e+03 -5.348371543384742785e-03
1.327143507950372850e+03 -3.931900724188287788e-03
1.328798320896952873e+03 -3.167015384972382552e-03
1.330452575774934303e+03 -1.550219285411817347e-02
1.332106272824105645e+03 -2.644856717537090451e-02
1.333759412284131258e+03 -3.830154711235647658e-02
1.335411994394511566e+03 -3.864535416369431486e-02
1.337064019394655816e+03 -4.339837612792453447e-02
1.338715487523794309e+03 -6.013081312248906574e-02
1.340366399021048437e+03 -6.307329636458340605e-02
1.342016754125398847e+03 -5.716358829045308648e-02
1.343666553075694537e+03 -7.014279118909229338e-02
1.345315796110644214e+03 -7.793225384356236574e-02
1.346964483468818571e+03 -9.192832923792240707e-02
1.348612615388672793e+03 -8.596190927262396808e-02
1.350260192108507226e+03 -8.963166976454017831e-02
1.351907213866495795e+03 -8.458814341427225991e-02
1.353553680900681456e+03 -9.527964235260380499e-02
1.355199593448967335e+03 -9.550783288778623425e-02
1.356844951749131269e+03 -9.540165971456349148e-02
1.358489756038801488e+03 -9.596544924690374179e-02
1.360134006555495489e+03 -1.066853987151751421e-01
1.361777703536582976e+03 -1.061197498371653225e-01
1.363420847219291318e+03 -1.023585777556620391e-01
1.365063437840735787e+03 -9.095770448848820855e-02
1.366705475637880227e+03 -9.525020553411334134e-02
1.368346960847562741e+03 -9.808110726603869178e-02
1.369987893706500245e+03 -9.426472677348500528e-02
1.371628274451255720e+03 -9.253153252121477934e-02
1.373268103318270050e+03 -8.648749565588538524e-02
1.374907380543838372e+03 -7.595292502860044592e-02
1.376546106364157367e+03 -6.816699527837752348e-02
1.378184281015245915e+03 -6.316425865616492885e-02
1.379821904733031261e+03 -5.730950553283503668e-02
1.381458977753274212e+03 -5.982066030338303864e-02
1.383095500311631668e+03 -5.704394567026150470e-02
1.384731472643604093e+03 -4.343978548742474105e-02
1.386366894984575765e+03 -3.013912915175781179e-02
1.388001767569797494e+03 -2.946049300125572895e-02
1.389636090634375705e+03 -5.833929968850301052e-03
1.391269864413299956e+03 -7.637515175905684219e-03
1.392903089141421560e+03 -1.110366607475306126e-02
1.394535765053462683e+03 -1.533698992475194221e-02
1.396167892384009974e+03 -9.311340583700016688e-03
1.397799471367519800e+03 -8.900787844308448091e-04
1.399430502238315739e+03 4.442554257165251368e-03
1.401060985230601318e+03 -5.280832062865493254e-03
1.402690920578432724e+03 -9.070168284445687470e-03
1.404320308515736997e+03 -1.875850159905328648e-02
1.405949149276325670e+03 -2.344752597494039956e-02
1.407577443093862939e+03 -5.118193703287007845e-02
1.409205190201894311e+03 -5.225612651217977772e-02
1.410832390833818636e+03 -4.749040817313198576e-02
1.412459045222921532e+03 -4.453250701792286353e-02
1.414085153602351284e+03 -3.738406514231736033e-02
1.415710716205115887e+03 -3.079105253876502149e-02
1.417335733264108512e+03 -2.846150753231450892e-02
1.418960205012090228e+03 -1.207473229003060491e-02
1.420584131681675672e+03 -2.484481278610064028e-03
1.422207513505369889e+03 1.501585524757295328e-02
1.423830350715532859e+03 2.849196511376090452e-02
1.425452643544412695e+03 5.293468653638734589e-02
1.427074392224096982e+03 5.765905428446059522e-02
1.428695596986577357e+03 6.205791080763815859e-02
1.430316258063692658e+03 6.080224823831614778e-02
1.431936375687166901e+03 6.278018091172041237e-02
1.433555950088587224e+03 5.170204772779737890e-02
1.435174981499407295e+03 5.916350426911570065e-02
1.436793470150955955e+03 5.699035512106449125e-02
1.438411416274438579e+03 5.043735526129315694e-02
1.440028820100922985e+03 4.540641127329068938e-02
1.441645681861353978e+03 3.384273198354949275e-02
1.443262001786547216e+03 2.983411729715185201e-02
1.444877780107181252e+03 1.883616855148463262e-02
1.446493017053817084e+03 1.678724210814161455e-02
1.448107712856875651e+03 1.476849815427132284e-02
1.449721867746661474e+03 5.605245085111489924e-03
1.451335481953335830e+03 -6.009135993667955727e-04
1.452948555706949946e+03 -8.536535028223889848e-03
1.454561089237414535e+03 -1.686795210878263424e-02
1.456173082774515478e+03 -1.965357800169069760e-02
1.457784536547907237e+03 -2.995662399392443054e-02
1.459395450787128311e+03 -2.576554771210135680e-02
1.461005825721568499e+03 -3.184431544493445537e-02
1.462615661580504366e+03 -2.639925729901932555e-02
1.464224958593086967e+03 -2.753614854579009355e-02
1.465833716988327069e+03 -3.128558625932597453e-02
1.467441936995118567e+03 -4.052516997218345851e-02
1.469049618842228710e+03 -4.549423211880585655e-02
1.470656762758294235e+03 -6.190531909429327490e-02
1.472263368971812724e+03 -6.557493513644782612e-02
1.473869437711175578e+03 -7.462711877148685280e-02
1.475474969204634135e+03 -7.762102789632144284e-02
1.477079963680315586e+03 -7.796224900951792547e-02
1.478684421366221159e+03 -8.493049628509555249e-02
1.480288342490228388e+03 -8.061079711548047033e-02
1.481891727280075656e+03 -9.093677668331946740e-02
1.483494575963388570e+03 -9.347735959394284921e-02
1.485096888767662676e+03 -9.389729182674616537e-02
1.486698665920258236e+03 -8.775671951428105910e-02
1.488299907648427279e+03 -7.564876576694701260e-02
1.489900614179274271e+03 -7.585809553749621459e-02
1.491500785739789990e+03 -7.844845816916573567e-02
1.493100422556837430e+03 -7.607858305809486743e-02
1.494699524857152710e+03 -8.849596159640120419e-02
1.496298092867352807e+03 -8.297805574247160698e-02
1.497896126813914407e+03 -9.093311291170458333e-02
1.499493626923195961e+03 -8.771883703197043414e-02
1.501090593421432914e+03 -9.236186582649594246e-02
1.502687026534739971e+03 -9.493517780789938187e-02
1.504282926489084275e+03 -9.572366254113651163e-02
1.505878293510332924e+03 -9.591235572027356771e-02
1.507473127824211133e+03 -1.008516483134246355e-01
1.509067429656337254e+03 -9.145583051588249135e-02
1.510661199232178433e+03 -9.872758986242950729e-02
1.512254436777099954e+03 -9.147206898558088439e-02
1.513847142516331360e+03 -9.093779186645967183e-02
1.515439316674965767e+03 -9.376794810074357001e-02
1.517030959478004434e+03 -9.452356200251649243e-02
1.518622071150289912e+03 -8.958753120370346879e-02
1.520212651916559935e+03 -8.368795064775660930e-02
1.521802702001428543e+03 -8.032153981555442690e-02
1.523392221629365395e+03 -8.331417620340202113e-02
1.524981211024732829e+03 -7.637786250345507399e-02
1.526569670411770176e+03 -8.052677262180001072e-02
1.528157600014594209e+03 -6.999266916552936146e-02
1.529745000057171410e+03 -6.988942419553698104e-02
1.531331870763382767e+03 -7.691701094580445652e-02
1.532918212356957156e+03 -7.476592246049171275e-02
1.534504025061512948e+03 -7.177522621658383173e-02
1.536089309100534138e+03 -7.627590443577557389e-02
1.537674064697398308e+03 -7.369698547131736666e-02
1.539258292075342752e+03 -8.389221260099230526e-02
1.540841991457485847e+03 -8.628340334907677600e-02
1.542425163066830009e+03 -8.556332372760562521e-02
1.544007807126252828e+03 -8.497772906512550406e-02
1.545589923858488419e+03 -9.405711438172578709e-02
1.547171513486175627e+03 -9.286137695120683100e-02
1.548752576231817102e+03 -8.958637858715261248e-02
1.550333112317792711e+03 -8.885709108077669005e-02
1.551913121966362951e+03 -9.385175864186656725e-02
1.553492605399654394e+03 -7.485409616247348796e-02
1.555071562839694252e+03 -7.685853070801021425e-02
1.556649994508361488e+03 -7.458865263411770807e-02
1.558227900627430017e+03 -7.578576296107857047e-02
1.559805281418541426e+03 -7.573907779190856837e-02
1.561382137103221339e+03 -7.800666692417804193e-02
1.562958467902860093e+03 -7.118000853711364817e-02
1.564534274038752756e+03 -6.567901572197107352e-02
1.566109555732051376e+03 -6.202792438885226106e-02
1.567684313203782949e+03 -5.474444737688667628e-02
1.569258546674857143e+03 -4.131038030387744475e-02
1.570832256366075626e+03 -5.528786632516316524e-02
1.572405442498102730e+03 -5.922705919339213421e-02
1.573978105291482734e+03 -5.136688368647277653e-02
1.575550244966645778e+03 -4.414471119195934046e-02
1.577121861743891486e+03 -4.517617647663352970e-02
1.578692955843404206e+03 -3.713810311961338734e-02
1.580263527485251416e+03 -3.398073244758042372e-02
1.581833576889363030e+03 -4.116173602728901565e-02
1.583403104275558462e+03 -4.330551832621355735e-02
1.584972109863545711e+03 -4.392481046221125007e-02
1.586540593872890213e+03 -5.003031517749343543e-02
1.588108556523057132e+03 -4.269919320684527342e-02
1.589675998033369979e+03 -3.672313823601128235e-02
1.591242918623054265e+03 -3.782631118735475806e-02
1.592809318511204310e+03 -3.943154360494230404e-02
1.594375197916784373e+03 -4.663213836526323292e-02
1.595940557058650029e+03 -4.546675190149674500e-02
1.597505396155534299e+03 -4.958055408317434826e-02
1.599069715426051289e+03 -4.426321196948922176e-02
1.600633515088688455e+03 -3.955961708596716919e-02
1.602196795361822751e+03 -4.506494707519211745e-02
1.603759556463700164e+03 -4.235627368164414375e-02
1.605321798612455950e+03 -4.389086113958266810e-02
1.606883522026102810e+03 -4.698791354185025138e-02
1.608444726922521568e+03 -5.199222406107189415e-02
1.610005413519493914e+03 -5.776249314371345589e-02
1.611565582034682620e+03 -4.975623266933426603e-02
1.613125232685594256e+03 -5.051079185803222099e-02
1.614684365689665810e+03 -4.351875987092555798e-02
1.616242981264176024e+03 -3.857935882438807973e-02
1.617801079626311548e+03 -4.015940417299990184e-02
1.619358660993119656e+03 -3.592273385653615286e-02
1.620915725581541210e+03 -3.560144229755037720e-02
1.622472273608387241e+03 -2.475989760005224347e-02
1.624028305290357139e+03 -1.653067922529059819e-02
1.625583820844034335e+03 -1.026576941277577634e-02
1.627138820485882889e+03 1.460562824817165407e-03
1.628693304432232708e+03 7.693052748674853586e-03
1.630247272899317295e+03 1.355710193726620758e-02
1.631800726103235775e+03 1.247085402732095276e-02
1.633353664259974494e+03 8.268250816413601212e-03
1.634906087585401337e+03 1.140550737347089706e-02
1.636457996295268458e+03 9.814564538470847352e-03
1.638009390605199997e+03 1.285617874265468884e-02
1.639560270730717093e+03 1.402618104198075782e-02
1.641110636887215605e+03 1.614753626928476862e-02
1.642660489289961333e+03 2.590662502692704650e-02
1.644209828154124125e+03 3.921587316658915745e-02
1.645758653694737177e+03 4.360891630267093450e-02
1.647306966126731368e+03 5.171146902186427724e-02
1.648854765664902743e+03 5.227435974582256284e-02
1.650402052523950033e+03 5.243027212801471687e-02
1.651948826918438499e+03 6.338563438471236933e-02
1.653495089062815623e+03 6.964511328941692947e-02
1.655040839171429980e+03 6.402935722621679038e-02
1.656586077458488717e+03 5.376348311682524472e-02
1.658130804138094163e+03 4.363676811410659856e-02
1.659675019424240190e+03 3.491643291088735584e-02
1.661218723530790157e+03 1.258211338782256813e-02
1.662761916671486915e+03 2.043748320974197053e-03
1.664304599059969860e+03 -9.946262718514141399e-03
1.665846770909756970e+03 -1.174252467145897594e-02
1.667388432434244123e+03 -2.378891349762603941e-02
1.668929583846718515e+03 -4.540647099865342817e-02
1.670470225360345694e+03 -6.039928601998627300e-02
1.672010357188179796e+03 -6.430585474299524429e-02
1.673549979543146037e+03 -7.317093312085530543e-02
1.675089092638064130e+03 -7.856759169508717444e-02
1.676627696685640103e+03 -8.786672852458773941e-02
1.678165791898463112e+03 -8.560943968657433456e-02
1.679703378488990211e+03 -9.174895055839624169e-02
1.681240456669591595e+03 -1.060425901009287575e-01
1.682777026652487166e+03 -1.214928794825019948e-01
1.684313088649809970e+03 -1.223888683385391668e-01
1.685848642873560038e+03 -1.315334604178597377e-01
1.687383689535634176e+03 -1.349470309769547349e-01
1.688918228847795490e+03 -1.400979093168123468e-01
1.690452261021724553e+03 -1.324349667535151820e-01
1.691985786268938682e+03 -1.244681886539954763e-01
1.693518804800885846e+03 -1.086537065435666388e-01
1.695051316828872586e+03 -1.061285411407976859e-01
1.696583322564098353e+03 -1.134154964533738708e-01
1.698114822217644132e+03 -1.036040120302664930e-01
1.699645816000484501e+03 -9.456000225901317613e-02
1.701176304123461478e+03 -9.540012874788314501e-02
1.702706286797319990e+03 -8.416992006299441054e-02
1.704235764232687188e+03 -7.428509541451866482e-02
1.705764736640063120e+03 -7.565740016975032456e-02
1.707293204229851426e+03 -8.142236181184409061e-02
1.708821167212321598e+03 -8.861866478007587866e-02
1.710348625797648538e+03 -1.031058488162143183e-01
1.711875580195880048e+03 -1.054665092025792311e-01
1.713402030616947059e+03 -9.210719156911001404e-02
1.714927977270681595e+03 -9.587714757627853468e-02
1.716453420366780165e+03 -9.915867740632407223e-02
1.717978360114850375e+03 -9.170356535934401365e-02
1.719502796724362724e+03 -9.144412910133280226e-02
1.721026730404693126e+03 -9.173775312580820240e-02
1.722550161365081294e+03 -9.421618896992886572e-02
1.724073089814670084e+03 -9.656934506664843765e-02
1.725595515962488435e+03 -9.968264633868417768e-02
1.727117440017445688e+03 -1.052210044567726821e-01
1.728638862188347275e+03 -1.049445913302157890e-01
1.730159782683864250e+03 -1.056970395265813822e-01
1.731680201712579901e+03 -1.136572100070358249e-01
1.733200119482941318e+03 -1.095049594866913945e-01
1.734719536203295547e+03 -1.052530449495343995e-01
1.736238452081881405e+03 -1.035304649280580080e-01
1.737756867326819929e+03 -1.077042779600297928e-01
1.739274782146100051e+03 -1.006391426171206749e-01
1.740792196747629987e+03 -1.003114938370859160e-01
1.742309111339178571e+03 -9.281008597424300621e-02
1.743825526128424144e+03 -8.498018446697225281e-02
1.745341441322919991e+03 -7.815784311232723547e-02
1.746856857130100025e+03 -8.709672849672607520e-02
1.748371773757294022e+03 -7.281140937066760133e-02
1.749886191411725804e+03 -6.968530089838044506e-02
1.751400110300495726e+03 -7.477055604247515030e-02
1.752913530630597506e+03 -7.761107623178573056e-02
1.754426452608915497e+03 -7.480442070699140633e-02
1.755938876442207402e+03 -7.398669871433963263e-02
1.757450802337145888e+03 -6.431817097333729361e-02
1.758962230500257192e+03 -6.971493077549704986e-02
1.760473161137981378e+03 -6.964109120149199195e-02
1.761983594456645733e+03 -8.143334682846620209e-02
1.763493530662445892e+03 -7.380229545380509459e-02
1.765002969961487224e+03 -8.446994560954426690e-02
1.766511912559755729e+03 -8.753370821044337280e-02
1.768020358663124398e+03 -8.230835528056724970e-02
1.769528308477348901e+03 -8.239453818538042262e-02
1.771035762208091683e+03 -7.663245184298791979e-02
1.772542720060888769e+03 -7.691651112923422740e-02
1.774049182241164090e+03 -7.968094168497524832e-02
1.775555148954244487e+03 -7.355221043546456006e-02
1.777060620405327199e+03 -6.674200191747656219e-02
1.778565596799509876e+03 -5.616468537704202846e-02
1.780070078341785575e+03 -5.544457513174309848e-02
1.781574065237014565e+03 -4.368678928164545366e-02
