7.690415219601724175e+02 4.794649613178267322e-01
7.708873592790559997e+02 3.628121355835022821e-01
7.727325544549546521e+02 4.497956111027394677e-01
7.745771077763229187e+02 4.444142117449528251e-01
7.764210195314453813e+02 3.711234880889079379e-01
7.782642900084350686e+02 4.765397660468347341e-01
7.801069194952343651e+02 4.274521359594372072e-01
7.819489082796168304e+02 3.619769832736229320e-01
7.837902566491828793e+02 3.808150010294887311e-01
7.856309648913627370e+02 2.803957650129094703e-01
7.874710332934209873e+02 3.209597994423815659e-01
7.893104621424487277e+02 3.012472263984082299e-01
7.911492517253653887e+02 3.054140505742694578e-01
7.929874023289274874e+02 4.431879546984328067e-01
7.948249142397124842e+02 2.937773050763318738e-01
7.966617877441366318e+02 3.165336836904688034e-01
7.984980231284442880e+02 3.109708904555331110e-01
8.003336206787085985e+02 4.159346744207539359e-01
8.021685806808355892e+02 3.236068270085373788e-01
8.040029034205618927e+02 2.652735951780735846e-01
8.058365891834544072e+02 3.105124946377866846e-01
8.076696382549152986e+02 3.558254325185457589e-01
8.095020509201718824e+02 3.475534082106711553e-01
8.113338274642884471e+02 3.616774306802313932e-01
8.131649681721588649e+02 3.358701987432551883e-01
8.149954733285082966e+02 3.524655289026986660e-01
8.168253432178952380e+02 3.691090923439960259e-01
8.186545781247070863e+02 2.911767213023859768e-01
8.204831783331694623e+02 3.255278128565021745e-01
8.223111441273351829e+02 3.491898558524831886e-01
8.241384757910892631e+02 3.337480611057910829e-01
8.259651736081522131e+02 1.719991430242630848e-01
8.277912378620791287e+02 4.060888519523906948e-01
8.296166688362509376e+02 3.453186024066750570e-01
8.314414668138875868e+02 3.097459457228583513e-01
8.332656320780386068e+02 2.256468065154943192e-01
8.350891649115889095e+02 3.538026510443041395e-01
8.369120655972564009e+02 3.753989716451591740e-01
8.387343344175916400e+02 2.596709169976216813e-01
8.405559716549795439e+02 4.015560796586306047e-01
8.423769775916385925e+02 4.561599198219011275e-01
8.441973525096184403e+02 3.731835652794464053e-01
8.460170966908057153e+02 5.143449175325460754e-01
8.478362104169245868e+02 2.574953893831052887e-01
8.496546939695242600e+02 2.590863436182769264e-01
8.514725476299960292e+02 3.411504470532733535e-01
8.532897716795638416e+02 2.644135990504576372e-01
8.551063663992817965e+02 3.620019810333942600e-01
8.569223320700444901e+02 3.462680134467177595e-01
8.587376689725772394e+02 3.766532474530492891e-01
8.605523773874456310e+02 2.931360665007343158e-01
8.623664575950435847e+02 4.184072120493224078e-01
8.641799098756042667e+02 3.301612807412232509e-01
8.659927345091942925e+02 3.134750923530802424e-01
8.678049317757202061e+02 2.142939587825019032e-01
8.696165019549168846e+02 3.863377501532265224e-01
8.714274453263586793e+02 3.969307532612337819e-01
8.732377621694571417e+02 2.409938253225990812e-01
8.750474527634570450e+02 3.016244329253963685e-01
8.768565173874407037e+02 3.966635035271078857e-01
8.786649563203284288e+02 2.979272845286523030e-01
8.804727698408705692e+02 4.546540669064930151e-01
8.822799582276601313e+02 2.386094024682272885e-01
8.840865217591247074e+02 3.537909641511273739e-01
8.858924607135280667e+02 3.378979648235173605e-01
8.876977753689703832e+02 3.234999600893229688e-01
8.895024660033877808e+02 3.075375376790741022e-01
8.913065328945584724e+02 3.648222193248315537e-01
8.931099763200917323e+02 3.433315466872816635e-01
8.949127965574371046e+02 3.474436073366721223e-01
8.967149938838801972e+02 4.514118702155543450e-01
8.985165685765467742e+02 3.311147987191801478e-01
9.003175209123967306e+02 2.728246851510019999e-01
9.021178511682289809e+02 3.811793094196570530e-01
9.039175596206825958e+02 4.674248090277586809e-01
9.057166465462306633e+02 3.738656816311473619e-01
9.075151122211857455e+02 3.665609804825879503e-01
9.093129569217004473e+02 2.222808364625014910e-01
9.111101809237660518e+02 3.522776314358697092e-01
9.129067845032067225e+02 4.276832695789997696e-01
9.147027679356908720e+02 3.371829338551359245e-01
9.164981314967266144e+02 3.723916071951646756e-01
9.182928754616548304e+02 3.743896876068397161e-01
9.200870001056591718e+02 3.794325272396493198e-01
9.218805057037608321e+02 3.481653015475130730e-01
9.236733925308242306e+02 3.431034787965769328e-01
9.254656608615475761e+02 3.806684777651190843e-01
9.272573109704725312e+02 5.011277393976877326e-01
9.290483431319761394e+02 3.319259264255944308e-01
9.308387576202796936e+02 4.167594869648237887e-01
9.326285547094414596e+02 1.542259746812404964e-01
9.344177346733591776e+02 2.114029428647422326e-01
9.362062977857731312e+02 5.063287602832371448e-01
9.379942443202626237e+02 3.711145799691477620e-01
9.397815745502463187e+02 3.742252593247843984e-01
9.415682887489834911e+02 3.441047441135308693e-01
9.433543871895736856e+02 4.670352321415509600e-01
9.451398701449577402e+02 3.608944770067020191e-01
9.469247378879169901e+02 4.199168990850830063e-01
9.487089906910742911e+02 4.791350280967526243e-01
9.504926288268917460e+02 3.753637109720883158e-01
9.522756525676730917e+02 3.125315076952312476e-01
9.540580621855658592e+02 4.412271454481798694e-01
9.558398579525538707e+02 4.199258170798715883e-01
9.576210401404681534e+02 4.416820046806347877e-01
9.594016090209742060e+02 4.486392036697116059e-01
9.611815648655867790e+02 4.568641457000627848e-01
9.629609079456575955e+02 4.512784994445518394e-01
9.647396385323817185e+02 2.969556637602855931e-01
9.665177568967955040e+02 4.195423693672286070e-01
9.682952633097769422e+02 3.128491377103589932e-01
9.700721580420487271e+02 4.241697038275908382e-01
9.718484413641753008e+02 4.594918795445276372e-01
9.736241135465594425e+02 4.121144031959302345e-01
9.753991748594523870e+02 5.502865139216288615e-01
9.771736255729414324e+02 5.521207473067867300e-01
9.789474659569659707e+02 5.502248195007678477e-01
9.807206962813021391e+02 4.828977585527731153e-01
9.824933168155658905e+02 4.193242413057682860e-01
9.842653278292265213e+02 5.131832185836089355e-01
9.860367295915827981e+02 4.776006683171366007e-01
9.878075223717868312e+02 3.087219511595158394e-01
9.895777064388390727e+02 2.712231844211973608e-01
9.913472820615695582e+02 3.174693906607374827e-01
9.931162495086589388e+02 5.913053301165885900e-01
9.948846090486322282e+02 3.866673909514373730e-01
9.966523609498583482e+02 3.564409967744140983e-01
9.984195054805524023e+02 2.854098379113657047e-01
1.000186042908770446e+03 3.515649738689686776e-01
1.001951973502410851e+03 4.810345418310953969e-01
1.003717297529219650e+03 3.107918736633575318e-01
1.005482015256783939e+03 4.289654977677123671e-01
1.007246126952548025e+03 3.179929581718506926e-01
1.009009632883784093e+03 3.244332945083944209e-01
1.010772533317614943e+03 2.996784773413175840e-01
1.012534828521013196e+03 4.126053423722602642e-01
1.014296518760795834e+03 2.974211804804713921e-01
1.016057604303614994e+03 3.519201172189813098e-01
1.017818085415980590e+03 4.009681385750205607e-01
1.019577962364242353e+03 2.978351217721620925e-01
1.021337235414595625e+03 1.911659631303635198e-01
1.023095904833088639e+03 4.249661522339571174e-01
1.024853970885596937e+03 4.079358280042658658e-01
1.026611433837861341e+03 4.432480902867204642e-01
1.028368293955456920e+03 4.972788363408563450e-01
1.030124551503812881e+03 5.312317526836640713e-01
1.031880206748201545e+03 4.681446367562822064e-01
1.033635259953733112e+03 4.592977166029926783e-01
1.035389711385385681e+03 4.179445218591689160e-01
1.037143561307952950e+03 3.806720761730076341e-01
1.038896809986105609e+03 4.094280756799228427e-01
1.040649457684348590e+03 4.070296117434423766e-01
1.042401504667032668e+03 3.830588059320794159e-01
1.044152951198345590e+03 4.830496051443396999e-01
1.045903797542344137e+03 3.032592039987048738e-01
1.047654043962915694e+03 2.958740717487948202e-01
1.049403690723808495e+03 3.270350604229529390e-01
1.051152738088591605e+03 3.176256867575952825e-01
1.052901186320724491e+03 3.344528794015055317e-01
1.054649035683471311e+03 3.200530915396931908e-01
1.056396286439980031e+03 4.462520100243848042e-01
1.058142938853212854e+03 4.059963846798127496e-01
1.059888993186006019e+03 3.650824454528927565e-01
1.061634449701027279e+03 3.399193883642377956e-01
1.063379308660802735e+03 3.114640178216783739e-01
1.065123570327710240e+03 2.718706025223772693e-01
1.066867234963963028e+03 4.072870776474434296e-01
1.068610302831634499e+03 2.859979713103449894e-01
1.070352774192632751e+03 3.705933558258974192e-01
1.072094649308735825e+03 3.717313865173420551e-01
1.073835928441551459e+03 2.724423058890536042e-01
1.075576611852545739e+03 3.412900009522929490e-01
1.077316699803025813e+03 3.312634955433398365e-01
1.079056192554164454e+03 2.725740662686161331e-01
1.080795090366967315e+03 4.112150827470499315e-01
1.082533393502294302e+03 4.363960847681057631e-01
1.084271102220864350e+03 4.504585779625203124e-01
1.086008216783225635e+03 3.733711091342832300e-01
1.087744737449794229e+03 4.328221305897911875e-01
1.089480664480840005e+03 3.823526081428502144e-01
1.091215998136452981e+03 4.314396501429301756e-01
1.092950738676612900e+03 4.432135228747242084e-01
1.094684886361118743e+03 3.572888187234620760e-01
1.096418441449635793e+03 3.102049646579399522e-01
1.098151404201675632e+03 4.249611191507390862e-01
1.099883774876592952e+03 5.077235176839726138e-01
1.101615553733615798e+03 4.655673586880100245e-01
1.103346741031793044e+03 4.351913207055174704e-01
1.105077337030041463e+03 4.047010138855534067e-01
1.106807341987132986e+03 2.582774760115248980e-01
1.108536756161681524e+03 3.165385293782566056e-01
1.110265579812152737e+03 3.083621397794517605e-01
1.111993813196858582e+03 3.760076210647972372e-01
1.113721456573981641e+03 3.643803922819420227e-01
1.115448510201545787e+03 4.267402135388843609e-01
1.117174974337408685e+03 3.338081447864901796e-01
1.118900849239300214e+03 3.491071493853262209e-01
1.120626135164811330e+03 4.232212032138903957e-01
1.122350832371361321e+03 4.646983697109103306e-01
1.124074941116225546e+03 3.990525152883895865e-01
1.125798461656554309e+03 4.511703879598579214e-01
1.127521394249311470e+03 2.971121589933803375e-01
1.129243739151350155e+03 4.005717400903408554e-01
1.130965496619360010e+03 3.625177244877795801e-01
1.132686666909875612e+03 3.286611832745719441e-01
1.134407250279302843e+03 3.564264671272159846e-01
1.136127246983882742e+03 3.796980442789698595e-01
1.137846657279725832e+03 2.836944396248350930e-01
1.139565481422779840e+03 4.514661316033340976e-01
1.141283719668854246e+03 2.921821287847388149e-01
1.143001372273608467e+03 3.851192979385387183e-01
1.144718439492565722e+03 3.432721047850613161e-01
1.146434921581076878e+03 2.562803986836207359e-01
1.148150818794378665e+03 3.366827830366920238e-01
1.149866131387541373e+03 4.222988227485994783e-01
1.151580859615491363e+03 3.550364853593009351e-01
1.153295003733019939e+03 3.013051766410601573e-01
1.155008563994755605e+03 3.904282354741890337e-01
1.156721540655189983e+03 2.395460350660351401e-01
1.158433933968671681e+03 4.625513245247589444e-01
1.160145744189405832e+03 2.636232797727316446e-01
1.161856971571431586e+03 3.446864896781111076e-01
1.163567616368671452e+03 2.458478357889465060e-01
1.165277678834881499e+03 1.949145006476767639e-01
1.166987159223674325e+03 2.009363653157629492e-01
1.168696057788537246e+03 1.348901454557215884e-01
1.170404374782789773e+03 3.246453407063154550e-01
1.172112110459608857e+03 2.517877982454645447e-01
1.173819265072045482e+03 2.593358910501977754e-01
1.175525838872980103e+03 3.127893148778752574e-01
1.177231832115177212e+03 2.812403149230557342e-01
1.178937245051224181e+03 3.331628152236308926e-01
1.180642077933587188e+03 3.367296800257226219e-01
1.182346331014578709e+03 3.364631866876595656e-01
1.184050004546382979e+03 3.151735409750699435e-01
1.185753098781011431e+03 4.138217329089410867e-01
1.187455613970344302e+03 1.854223342021415477e-01
1.189157550366142914e+03 3.206896231499557492e-01
1.190858908219980094e+03 3.342659142783189763e-01
1.192559687783312711e+03 3.723033190644705615e-01
1.194259889307464164e+03 3.505960212568187684e-01
1.195959513043578909e+03 2.723009128940581669e-01
1.197658559242685897e+03 4.423705825336278208e-01
1.199357028155662874e+03 3.518435827819980100e-01
1.201054920033249800e+03 4.825370444460231334e-01
1.202752235126034520e+03 4.311254990184774649e-01
1.204448973684458679e+03 4.298907745436795769e-01
1.206145135958837045e+03 3.612187427133340401e-01
1.207840722199329775e+03 3.603355556387691228e-01
1.209535732655957190e+03 2.065359673574139188e-01
1.211230167578598639e+03 4.434729909131776004e-01
1.212924027216991362e+03 3.964111808629544598e-01
1.214617311820717077e+03 2.736405715794213989e-01
1.216310021639247225e+03 3.427852351991683699e-01
1.218002156921872938e+03 4.167455703364339459e-01
1.219693717917764388e+03 2.974255090529504542e-01
1.221384704875947136e+03 4.094055530048917313e-01
1.223075118045311456e+03 3.962400369850391790e-01
1.224764957674582774e+03 4.493261579990390220e-01
1.226454224012379882e+03 4.023881519499052928e-01
1.228142917307144216e+03 3.965037785004130177e-01
1.229831037807208531e+03 4.782813642664391351e-01
1.231518585760731639e+03 4.913134088723297710e-01
1.233205561415758666e+03 4.543888054882810335e-01
1.234891965020175803e+03 4.463565946294881237e-01
1.236577796821738730e+03 4.547843173854235199e-01
1.238263057068064427e+03 4.151468169501413841e-01
1.239947746006610032e+03 4.232213142167617903e-01
1.241631863884715813e+03 4.367681454049171519e-01
1.243315410949560146e+03 3.828110541117224486e-01
1.244998387448202720e+03 4.199175218907012508e-01
1.246680793627550202e+03 3.454837896828942267e-01
1.248362629734358507e+03 3.101939195762085100e-01
1.250043896015268274e+03 3.828271145261381569e-01
1.251724592716763027e+03 4.574586418720601455e-01
1.253404720085185772e+03 3.381685988088711237e-01
1.255084278366744229e+03 3.810480585197961179e-01
1.256763267807518559e+03 4.574438260763923902e-01
1.258441688653417032e+03 3.772090316193964510e-01
1.260119541150251507e+03 4.808238332319548225e-01
1.261796825543645809e+03 4.561817651682336661e-01
1.263473542079124400e+03 3.372534988800828804e-01
1.265149691002057125e+03 4.186364944501859142e-01
1.266825272557671497e+03 3.578308854904858061e-01
1.268500286991057237e+03 4.844517015549239525e-01
1.270174734547172648e+03 4.081823939762755371e-01
1.271848615470821414e+03 5.318687832997552878e-01
1.273521930006695811e+03 5.024868938762887538e-01
1.275194678399318718e+03 3.642272746995799393e-01
1.276866860893091371e+03 4.790662587424045493e-01
1.278538477732278579e+03 4.519622237414062660e-01
1.280209529160995544e+03 5.112546846243746224e-01
1.281880015423219902e+03 4.721283490575598485e-01
1.283549936762803100e+03 4.577493783498524649e-01
1.285219293423455611e+03 4.588107346773225292e-01
1.286888085648738297e+03 4.059886542579027591e-01
1.288556313682084237e+03 4.138666305118341993e-01
1.290223977766787129e+03 5.149650393579873198e-01
1.291891078146003110e+03 4.877747054606367816e-01
1.293557615062741661e+03 4.825796034897507636e-01
1.295223588759891300e+03 4.989826401880476658e-01
1.296888999480190023e+03 5.889304031503660442e-01
1.298553847466240086e+03 4.747924852016174868e-01
1.300218132960515732e+03 5.202462770802444014e-01
1.301881856205345684e+03 5.369411589160016929e-01
1.303545017442929975e+03 5.326732474262919625e-01
1.305207616915311519e+03 3.590663411407162831e-01
1.306869654864417043e+03 4.497732959483528581e-01
1.308531131532031623e+03 3.661851808568920008e-01
1.310192047159801177e+03 4.683276695311689997e-01
1.311852401989235659e+03 4.241180825657516751e-01
1.313512196261709960e+03 5.099399645996081087e-01
1.315171430218452997e+03 4.686941801808416352e-01
1.316830104100574545e+03 4.489098628495540866e-01
1.318488218149041359e+03 5.060873717051440623e-01
1.320145772604677177e+03 6.177642462127966860e-01
1.321802767708177271e+03 4.787751853090241871e-01
1.323459203700095941e+03 4.011583202019548544e-01
1.325115080820854473e+03 3.773489270582959243e-01
1.326770399310748417e+03 4.771153724963254628e-01
1.328425159409908474e+03 4.256780103352256206e-01
1.330079361358374172e+03 4.254492799210153331e-01
1.331733005396006092e+03 4.599533873479703106e-01
1.333386091762551359e+03 3.364848148691327867e-01
1.335038620697621582e+03 4.604087306650734845e-01
1.336690592440696037e+03 4.510325003924822718e-01
1.338342007231105526e+03 4.856420935114728055e-01
1.339992865308051478e+03 3.745731288534204784e-01
1.341643166910617083e+03 3.714764743109659761e-01
1.343292912277722735e+03 2.575641734008081163e-01
1.344942101648174003e+03 4.312502928802645075e-01
1.346590735260638667e+03 5.414391899623969273e-01
1.348238813353642854e+03 4.723797123329760983e-01
1.349886336165588318e+03 3.722814656347676054e-01
1.351533303934728337e+03 3.788689430021930926e-01
1.353179716899204095e+03 4.344817473921853135e-01
1.354825575297007163e+03 3.847889608149824836e-01
1.356470879365988594e+03 3.742032742342847884e-01
1.358115629343884621e+03 4.252840555751488671e-01
1.359759825468279814e+03 4.820171581839239883e-01
1.361403467976637103e+03 5.107567782889269603e-01
1.363046557106290265e+03 3.542697725724504587e-01
1.364689093094424379e+03 3.088485493364049872e-01
1.366331076178099920e+03 3.555438202797711056e-01
1.367972506594231390e+03 4.838161098946396343e-01
1.369613384579632566e+03 4.373963604627192914e-01
1.371253710370944191e+03 3.525191366507081647e-01
1.372893484204708784e+03 3.421113658214327002e-01
1.374532706317305838e+03 3.538862435279183094e-01
1.376171376945008660e+03 3.300763749807942848e-01
1.377809496323935718e+03 3.321614951658449777e-01
1.379447064690084517e+03 4.072965995470753109e-01
1.381084082279322956e+03 2.576108880265578494e-01
1.382720549327374329e+03 3.886835821878506514e-01
1.384356466069839826e+03 2.777913063849100639e-01
1.385991832742188535e+03 2.545798482512792171e-01
1.387626649579756986e+03 2.086490819357381954e-01
1.389260916817740053e+03 3.219533773045083480e-01
1.390894634691210058e+03 1.249261400176797238e-01
1.392527803435104261e+03 3.336200744997061540e-01
1.394160423284238504e+03 3.381577593999662290e-01
1.395792494473277202e+03 3.827428205732202326e-01
1.397424017236762893e+03 3.391693638797305677e-01
1.399054991809114199e+03 3.080391827124341342e-01
1.400685418424607178e+03 3.575756035926307974e-01
1.402315297317395789e+03 3.745943710071515942e-01
1.403944628721491654e+03 2.731532573825639076e-01
1.405573412870788616e+03 3.342617784572135542e-01
1.407201649999038409e+03 5.233235271549299128e-01
1.408829340339864075e+03 5.044814644657553693e-01
1.410456484126761552e+03 5.333578205643181303e-01
1.412083081593100133e+03 4.552518796213498864e-01
1.413709132972104499e+03 4.967618334059717422e-01
1.415334638496880189e+03 4.068249162912823680e-01
1.416959598400397226e+03 5.164551904271010851e-01
1.418584012915507174e+03 4.840234993271481101e-01
1.420207882274902659e+03 4.698709742819140445e-01
1.421831206711182631e+03 5.835473943137040598e-01
1.423453986456787106e+03 5.173394182932197216e-01
1.425076221744042641e+03 4.677538635621432683e-01
1.426697912805142778e+03 4.749768238794614961e-01
1.428319059872143043e+03 5.006352374851914533e-01
1.429939663176974364e+03 4.672441917761721020e-01
1.431559722951441245e+03 5.743359154081925100e-01
1.433179239427217226e+03 4.463092657875979419e-01
1.434798212835845789e+03 4.712476150406265663e-01
1.436416643408743084e+03 4.314880836873845604e-01
1.438034531377188614e+03 4.338955044075065715e-01
1.439651876972342734e+03 5.245671105365156128e-01
1.441268680425224375e+03 3.586834262857998001e-01
1.442884941966738552e+03 5.807083593112160047e-01
1.444500661827644080e+03 3.512391698751136659e-01
1.446115840238590181e+03 4.230965535382598119e-01
1.447730477430085784e+03 3.893493081872266837e-01
1.449344573632514084e+03 4.576864078132819591e-01
1.450958129076122759e+03 4.209559702237056777e-01
1.452571143991051486e+03 4.907078467114522335e-01
1.454183618607281460e+03 3.633246866846778222e-01
1.455795553154685649e+03 5.732765957409917679e-01
1.457406947863012874e+03 5.922068465225222011e-01
1.459017802961863026e+03 5.178709296696177855e-01
1.460628118680731404e+03 4.662266262813831164e-01
1.462237895248971427e+03 5.694043822502239394e-01
1.463847132895815548e+03 6.711994130119195434e-01
1.465455831850357072e+03 5.487135191247951571e-01
1.467063992341574249e+03 5.647997377605268321e-01
1.468671614598315500e+03 6.381044556551332958e-01
1.470278698849294187e+03 6.624448240925797649e-01
1.471885245323108393e+03 6.661211783662285280e-01
1.473491254248221594e+03 5.885553524590295682e-01
1.475096725852964028e+03 6.348797639901736511e-01
1.476701660365551788e+03 5.613309887480816274e-01
1.478306058014067048e+03 4.955442826659294808e-01
1.479909919026461239e+03 6.240147628569233662e-01
1.481513243630572788e+03 5.566913870924670160e-01
1.483116032054095967e+03 5.432064025476424085e-01
1.484718284524609999e+03 5.126628349791254591e-01
1.486320001269563136e+03 5.010940047890717342e-01
1.487921182516277213e+03 5.166420645676651491e-01
1.489521828491957194e+03 5.489941398030121489e-01
1.491121939423665708e+03 4.710721808628990925e-01
1.492721515538344192e+03 4.116993576153044065e-01
1.494320557062817215e+03 4.316261740797412982e-01
1.495919064223779742e+03 5.594899840042962813e-01
1.497517037247785765e+03 3.730849328547493626e-01
1.499114476361286961e+03 3.474982199585205378e-01
1.500711381790588348e+03 4.910938114272258015e-01
1.502307753761893082e+03 5.101319989845626290e-01
1.503903592501251524e+03 3.664915181960252677e-01
1.505498898234609896e+03 2.660894303948106443e-01
1.507093671187778682e+03 2.851739584828597573e-01
1.508687911586434211e+03 4.343365267912632222e-01
1.510281619656155726e+03 2.774738435302404604e-01
1.511874795622370129e+03 3.427815990283744063e-01
1.513467439710389954e+03 2.394959664184888593e-01
1.515059552145411317e+03 3.298395239714161375e-01
1.516651133152484135e+03 1.787525028896295998e-01
1.518242182956546912e+03 2.989243519707724950e-01
1.519832701782419917e+03 3.283772490251233855e-01
1.521422689854795635e+03 2.900916881333998609e-01
1.523012147398218531e+03 2.216136393466028864e-01
1.524601074637147121e+03 3.016857050635520232e-01
1.526189471795882810e+03 2.236316007079279522e-01
1.527777339098627408e+03 3.251233812978190918e-01
1.529364676769435619e+03 3.203592093973995913e-01
1.530951485032261417e+03 2.933246053102657180e-01
1.532537764110917124e+03 3.135149824440074395e-01
1.534123514229094553e+03 3.905728354034966321e-01
1.535708735610370013e+03 1.686299364826442104e-01
1.537293428478197029e+03 4.315158736416065954e-01
1.538877593055881562e+03 2.811620089887892360e-01
1.540461229566634302e+03 3.014112627160883129e-01
1.542044338233532699e+03 3.801359693480154123e-01
1.543626919279527328e+03 2.602697384712337469e-01
1.545208972927446894e+03 4.588065174408804126e-01
1.546790499399995724e+03 3.636783564485711606e-01
1.548371498919765600e+03 1.617958366338757281e-01
1.549951971709208692e+03 3.463483960120563032e-01
1.551531917990670308e+03 3.593849237345527192e-01
1.553111337986358649e+03 3.343514102588273640e-01
1.554690231918368681e+03 2.861158248059582077e-01
1.556268600008660087e+03 3.492774164311623908e-01
1.557846442479097050e+03 4.141471142662735971e-01
1.559423759551398462e+03 3.042421361492014253e-01
1.561000551447157250e+03 3.748524797610132131e-01
1.562576818387853109e+03 3.536752349055623523e-01
1.564152560594854322e+03 3.551518701278063017e-01
1.565727778289387061e+03 2.991861493931319838e-01
1.567302471692566996e+03 3.043643970908875285e-01
1.568876641025384515e+03 1.983784608974279162e-01
1.570450286508708587e+03 2.282094348517038629e-01
1.572023408363285625e+03 3.017049877459400675e-01
1.573596006809748815e+03 2.947319947954848418e-01
1.575168082068587182e+03 2.770057200057395308e-01
1.576739634360191531e+03 2.770343857805152576e-01
1.578310663904824423e+03 3.816258000229018621e-01
1.579881170922619958e+03 2.648887165783600506e-01
1.581451155633602639e+03 2.790646958988328707e-01
1.583020618257660090e+03 3.832210284554125046e-01
1.584589559014575798e+03 4.026917761765525516e-01
1.586157978124005695e+03 3.517628125277333373e-01
1.587725875805475880e+03 3.003825962223558577e-01
1.589293252278399905e+03 3.196408737813405954e-01
1.590860107762075813e+03 2.797081263783136040e-01
1.592426442475668637e+03 3.257824651195965759e-01
1.593992256638231538e+03 3.390137418313538542e-01
1.595557550468697173e+03 3.782961177309152601e-01
1.597122324185870184e+03 3.461076489322510996e-01
1.598686578008444485e+03 3.882977902947026272e-01
1.600250312154986887e+03 2.043986326289316258e-01
1.601813526843938689e+03 3.538187518264452325e-01
1.603376222293635465e+03 4.385327062636220630e-01
1.604938398722297052e+03 3.018629949876823204e-01
1.606500056347985719e+03 4.723469319352117668e-01
1.608061195388694159e+03 3.362721216515653921e-01
1.609621816062254311e+03 3.964884964877753437e-01
1.611181918586408301e+03 3.764318256939245266e-01
1.612741503178760013e+03 3.419776041668817212e-01
1.614300570056798733e+03 4.196979277069403103e-01
1.615859119437892787e+03 4.504623574965186950e-01
1.617417151539292945e+03 3.207280235453714434e-01
1.618974666578135611e+03 3.048666733771128734e-01
1.620531664771437136e+03 4.260865916852810686e-01
1.622088146336076989e+03 3.215522704601841419e-01
1.623644111488842782e+03 2.065586040950078417e-01
1.625199560446384112e+03 4.101786856569834550e-01
1.626754493425235751e+03 4.742450582299879147e-01
1.628308910641818784e+03 4.749068398422244264e-01
1.629862812312431288e+03 4.590402227255912515e-01
1.631416198653249694e+03 4.784752730494292172e-01
1.632969069880342659e+03 5.424198659245237364e-01
1.634521426209654237e+03 5.576101192071546420e-01
1.636073267856998427e+03 4.736932047053019623e-01
1.637624595038095777e+03 5.618630173810991169e-01
1.639175407968522904e+03 5.007165064135915555e-01
1.640725706863758660e+03 4.467131013178577414e-01
1.642275491939147059e+03 5.725441726871739467e-01
1.643824763409930029e+03 4.521093243188146205e-01
1.645373521491221254e+03 3.901882350060492111e-01
1.646921766398014142e+03 4.841597171178076975e-01
1.648469498345200236e+03 3.810099922434705411e-01
1.650016717547531243e+03 4.993156386766802179e-01
1.651563424219655872e+03 3.716417263321246112e-01
1.653109618576110051e+03 2.757056187662479396e-01
1.654655300831299883e+03 4.622759393045844933e-01
1.656200471199512776e+03 4.650965700606571884e-01
1.657745129894930187e+03 4.039568104294907758e-01
1.659289277131612835e+03 4.300864123419581575e-01
1.660832913123495700e+03 4.371715767638716943e-01
1.662376038084411221e+03 5.217387834863639329e-01
1.663918652228064047e+03 4.577174457492881321e-01
1.665460755768049921e+03 3.465831849387120966e-01
1.667002348917834297e+03 4.210016047749322032e-01
1.668543431890775992e+03 5.795560645656160359e-01
1.670084004900120135e+03 4.849797502953199779e-01
1.671624068158997261e+03 5.830164212973361071e-01
1.673163621880399887e+03 4.867061436220662674e-01
1.674702666277238450e+03 5.620510587776762490e-01
1.676241201562272636e+03 5.807447828255808409e-01
1.677779227948170274e+03 5.827952658421150511e-01
1.679316745647470043e+03 5.644332345016334074e-01
1.680853754872605577e+03 6.295636669939772556e-01
1.682390255835874541e+03 6.193511846851006419e-01
1.683926248749495699e+03 6.482420455288832040e-01
1.685461733825521378e+03 5.571489568185497010e-01
1.686996711275934331e+03 5.752978897755550713e-01
1.688531181312577246e+03 5.799103333030091179e-01
1.690065144147181627e+03 5.015624959208080380e-01
1.691598599991365745e+03 5.317190483392305600e-01
1.693131549056636004e+03 5.893785025373897701e-01
1.694663991554368522e+03 4.069193759169729696e-01
1.696195927695840055e+03 5.649497181166666104e-01
1.697727357692212763e+03 5.883111124577030671e-01
1.699258281754517157e+03 4.083032843603036643e-01
1.700788700093688703e+03 3.774788549138330951e-01
1.702318612920528267e+03 4.803333218860738052e-01
1.703848020445741440e+03 4.352904991412561708e-01
1.705376922879909898e+03 4.232163654150645771e-01
1.706905320433492761e+03 4.243414491593978100e-01
1.708433213316848423e+03 4.041938242531915582e-01
1.709960601740209995e+03 3.899708142164377556e-01
1.711487485913710088e+03 6.429198067327216437e-01
1.713013866047347165e+03 3.029731254932446771e-01
1.714539742351027371e+03 4.004362260526280193e-01
1.716065115034518612e+03 4.018311713231401128e-01
1.717589984307489885e+03 3.478472980582957286e-01
1.719114350379501275e+03 3.523663286619887480e-01
1.720638213459984399e+03 2.373324106772514153e-01
1.722161573758272880e+03 2.931298452718524850e-01
1.723684431483565504e+03 3.572171263403039476e-01
1.725206786844969884e+03 3.714016920406330580e-01
1.726728640051458569e+03 3.568629690993267434e-01
1.728249991311904296e+03 2.676151418362048839e-01
1.729770840835068384e+03 1.921786541564504958e-01
1.731291188829600060e+03 2.856441736104534668e-01
1.732811035504009851e+03 4.812638361728937553e-01
1.734330381066729842e+03 3.321647730663018772e-01
1.735849225726051372e+03 2.732394801142464247e-01
1.737367569690175742e+03 3.658901587204534955e-01
1.738885413167179877e+03 4.165164135851547322e-01
1.740402756365019968e+03 3.041369368851220556e-01
1.741919599491545796e+03 2.748748612868069374e-01
1.743435942754504367e+03 3.245216702064341319e-01
1.744951786361514451e+03 3.487474511590047399e-01
1.746467130520093178e+03 2.532727961511900827e-01
1.747981975437644223e+03 3.826809225738732612e-01
1.749496321321443020e+03 3.467326312571785141e-01
1.751010168378684057e+03 2.208455568710007422e-01
1.752523516816412894e+03 2.842828952033294443e-01
1.754036366841588460e+03 2.992135044236246544e-01
1.755548718661054636e+03 3.045232104785201011e-01
1.757060572481524332e+03 2.723099721672111451e-01
1.758571928509622694e+03 2.351726466860790676e-01
1.760082786951854359e+03 3.857947346675204559e-01
1.761593148014605731e+03 3.255781600982520230e-01
1.763103011904151344e+03 4.027024721361908144e-01
1.764612378826668646e+03 3.559383869877425499e-01
1.766121248988211391e+03 3.969693333286525294e-01
1.767629622594715784e+03 2.530030588501004374e-01
1.769137499852025712e+03 2.295744754948577382e-01
1.770644880965852735e+03 2.851067218163441663e-01
1.772151766141809958e+03 2.467203224214702117e-01
1.773658155585404529e+03 2.132539788471743414e-01
1.775164049502005582e+03 2.530089046645737083e-01
